Participante,Texto,Sentimiento,Palabras,Dia,Mes,Anio
PRESIDENTA CLAUDIA SHEINBAUM PARDO," Con la familia, con el nieto. Ya no se dice con los hijos, sino con el nieto.",0.0,17,23,12,2024
PRESIDENTA CLAUDIA SHEINBAUM PARDO,"Bueno, está con nosotros Rosa Icela Rodríguez, secretaria de Gobernación; y está también Arturo Medina, que nos acompaña con Rosa Icela. Ellos, ¿se acuerdan que quedó pendiente presentar el operativo de bienvenida para los paisanos y paisanas?, que ya desde hace días está en puerta, pero lo van a presentar.",0.0,50,23,12,2024
PRESIDENTA CLAUDIA SHEINBAUM PARDO,"Está también Iván Escalante, él va a iniciar con el “Quién es quién en los precios”.",0.0,16,23,12,2024
PRESIDENTA CLAUDIA SHEINBAUM PARDO,"Y al final, la cápsula del “Humanismo Mexicano” de los lunes con Diego Prieto, director general del INAH.",0.0,18,23,12,2024
PRESIDENTA CLAUDIA SHEINBAUM PARDO,—Iniciamos con Iván—.,0.0,3,23,12,2024
PROCURADOR FEDERAL DEL CONSUMIDOR," Muchas gracias. Muy buenos días. Con su permiso, señora Presidenta. Muy buenos días. Gracias.",0.0,14,23,12,2024
PROCURADOR FEDERAL DEL CONSUMIDOR,“Quién es quién en los precios”.,0.0,6,23,12,2024
PROCURADOR FEDERAL DEL CONSUMIDOR,"Es muy importante comentarles que esta es una herramienta para que las familias tomen una mejor decisión al momento de decidir en dónde comprar su despensa, en dónde cargar gasolina, en dónde contratar su plan de telefonía, etcétera.",0.0,38,23,12,2024
PROCURADOR FEDERAL DEL CONSUMIDOR,"Entonces, vamos a dar inicio con nuestra canasta básica.",0.0,9,23,12,2024
PROCURADOR FEDERAL DEL CONSUMIDOR,"En el monitoreo, la canasta más barata que encontramos fue en la Bodega Aurrera Aeropuerto, en la ciudad de Chihuahua, en 720 pesos con 90 centavos; por lo tanto, le vamos a dar una palomita. Y la más cara es en la tienda Ley, en Sinaloa, en Culiacán, en mil 23 pesos con 30 centavos; tache.",0.0,56,23,12,2024
PROCURADOR FEDERAL DEL CONSUMIDOR,Recordar que el Paquete Contra la Inflación y la Carestía puso como meta en 910 pesos una canasta básica de 24 productos.,0.0,22,23,12,2024
PROCURADOR FEDERAL DEL CONSUMIDOR,"Vamos a hacer el comparativo que hemos estado haciendo en distintas ciudades. Esta vez es Chihuahua, Mérida y Cancún:",0.0,19,23,12,2024
PROCURADOR FEDERAL DEL CONSUMIDOR,"La más barata es Chihuahua, Bodega Aurrera Aeropuerto, 720 pesos centavos; palomita. Y la más cara, S-Mart Fuentes Mares, 911 pesos con 58 centavos; tache.",0.0,25,23,12,2024
PROCURADOR FEDERAL DEL CONSUMIDOR,"En la ciudad de Mérida, la más barata, Bodega Aurrera Itzaes, en 850 pesos con 60 centavos; palomita. Y la más cara, en Chedraui Selecto, 971 pesos con 30 centavos; tache.",0.0,31,23,12,2024
PROCURADOR FEDERAL DEL CONSUMIDOR,"Y en la ciudad de Cancún, Quintana Roo la más barata Soriana Súper en la Glorieta 846 pesos, palomita. Y la más cara Chedraui, Quintana Roo, 934 pesos con 60 centavos; tache —se adelantó el tache, pero ya está el tache—.",0.0,41,23,12,2024
PROCURADOR FEDERAL DEL CONSUMIDOR,"Bien, estamos haciendo un ejercicio presentando, con base en los monitoreos que nosotros realizamos, hasta ahorita qué tiendas, qué tiendas departamentales, qué tiendas de autoservicio están cumpliendo con su compromiso del PACIC.",0.0,32,23,12,2024
PROCURADOR FEDERAL DEL CONSUMIDOR,"—Este es a precio— las tiendas, el 100 por ciento cumplen y tienen productos que sumados los 24 cuestan menos de 910 pesos: Soriana, el 91 por ciento de sus tiendas lo cubren; en Bodega Aurrera, 76 por ciento; Walmart, 75; La Comer, 62 por ciento; Chedraui, 57; Ley, 20.",0.0,50,23,12,2024
PROCURADOR FEDERAL DEL CONSUMIDOR,"Y tenemos dos supermercados que no tienen productos que sumados cuestan 910 pesos, que son H.E.B. y S-Mart. Por lo tanto, a estas dos cadenas les vamos a dar un tache.",0.0,31,23,12,2024
PROCURADOR FEDERAL DEL CONSUMIDOR,Y es importante darles a conocer que este es un monitoreo con base del 9 al 13 de diciembre.,0.0,19,23,12,2024
PROCURADOR FEDERAL DEL CONSUMIDOR,Invitamos a estos establecimientos a: sí registrar los productos que sumados cuestan menos de 910 pesos.,0.0,16,23,12,2024
PROCURADOR FEDERAL DEL CONSUMIDOR,"La tortilla es uno de los alimentos más importantes en las mesas de las familias mexicanas. Por eso, continuamos con nuestro monitoreo de precios en tortillería. Tenemos una muestra de 585 tortillerías, hemos estado incrementando la semana tras semana; y tenemos que un kilogramo cuesta en promedio 23 pesos con 25 centavos.",0.0,52,23,12,2024
PROCURADOR FEDERAL DEL CONSUMIDOR,"La más barata que encontramos: en Veracruz, tortillería Aquiahuac, 16 pesos el kilo; palomita. Y la más cara en Hermosillo, Sonora, tortillería El Grano de Oro, 32 pesos; tache.",0.0,29,23,12,2024
PROCURADOR FEDERAL DEL CONSUMIDOR,"Las mismas ciudades: Chihuahua, Mérida Cancún.",0.0,6,23,12,2024
PROCURADOR FEDERAL DEL CONSUMIDOR,"La más barata, tortillería San Juan 23 pesos; palomita. La más cara, tortillería Bere 26 pesos kilo; tache.",0.0,18,23,12,2024
PROCURADOR FEDERAL DEL CONSUMIDOR,"En la ciudad de Mérida, El Supremito tortillería en 24 pesos por kilo; palomita. Y la tortillería El Gallito, también las dos en el centro de Mérida, 28 pesos; tache.",0.0,30,23,12,2024
PROCURADOR FEDERAL DEL CONSUMIDOR,"Y en el caso de Cancún, la tortillería Mercedes la encontramos en 24 pesos; palomita. Y en la tortillería El Negrito, 27 pesos; tache.",0.0,24,23,12,2024
PROCURADOR FEDERAL DEL CONSUMIDOR,Monitoreamos en el “Quién es quién en los precios” 197 alimentos utilizados para preparar platillos decembrinos.,0.0,16,23,12,2024
PROCURADOR FEDERAL DEL CONSUMIDOR,"Aquí les dejamos dos recomendaciones para que puedan preparar, si todavía no compran, si todavía no tienen planeada la cena de mañana, les damos dos alternativas para que puedan consultar en la página de internet la receta completa con cantidades, con tiempos de cocción, etcétera, de dos platillos muy ricos para esta Nochebuena:",0.0,53,23,12,2024
PROCURADOR FEDERAL DEL CONSUMIDOR,"Solomillo de cerdo en salsa de nuez, que cuesta 330 pesos y rinde para seis porciones.",0.0,16,23,12,2024
PROCURADOR FEDERAL DEL CONSUMIDOR,"Y un pollo navideño relleno, que cuesta 291 pesos y rinde para cuatro porciones.",0.0,14,23,12,2024
PROCURADOR FEDERAL DEL CONSUMIDOR,Terminamos con los consejos Profeco de la semana:,0.0,8,23,12,2024
PROCURADOR FEDERAL DEL CONSUMIDOR,Uno. Canasta básica; compara y gasta menos de 910 pesos.,0.0,10,23,12,2024
PROCURADOR FEDERAL DEL CONSUMIDOR,Dos. Descubre qué cadenas sí cumplen con el costo de la canasta básica.,0.0,13,23,12,2024
PROCURADOR FEDERAL DEL CONSUMIDOR,Tres. Conoce el mejor precio de la tortilla en tu ciudad en nuestra página de internet.,0.0,16,23,12,2024
PROCURADOR FEDERAL DEL CONSUMIDOR,"Y, cuatro. Con menos de 330 pesos prepara una cena de Navidad económica y saludable.",0.0,15,23,12,2024
PROCURADOR FEDERAL DEL CONSUMIDOR,"Muchas gracias, Presidenta.",0.0,3,23,12,2024
PROCURADOR FEDERAL DEL CONSUMIDOR,Que tengan muy buen día.,0.0,5,23,12,2024
PRESIDENTA CLAUDIA SHEINBAUM PARDO," Muchas gracias, Iván.",0.0,3,23,12,2024
PRESIDENTA CLAUDIA SHEINBAUM PARDO,"—Ahora sí, secretaria—.",0.0,3,23,12,2024
SECRETARIA DE GOBERNACION," Con su permiso, Presidenta. Buenos días a todas y a todos.",0.0,11,23,12,2024
SECRETARIA DE GOBERNACION,"Especialmente mi mensaje para los hermanos y hermanas migrantes que están al otro lado de la frontera, un saludo fraterno.",0.0,20,23,12,2024
SECRETARIA DE GOBERNACION,"Estamos aquí hoy para hablar del programa “Bienvenidas Heroínas y Bienvenidos Héroes Paisanos”, implementado por el Gobierno de México este invierno 2024 y coordinado por el Instituto Nacional de Migración, para recibir en su tierra a las mujeres y hombres, heroínas y héroes migrantes que regresan para visitar su hogar, a sus familias, amigos y seres queridos.",0.0,57,23,12,2024
SECRETARIA DE GOBERNACION,"Este programa surgió para hacer frente a los abusos o corrupción, cometidos contra quienes regresaban a su país para encontrarse con sus raíces y su familia.",0.0,26,23,12,2024
SECRETARIA DE GOBERNACION,"Quienes tenemos amigos y familiares migrantes recordamos lo difícil y tortuoso que fue durante mucho tiempo llegar a sus pueblos o a sus comunidades, después de recorrer aduanas, carreteras, caminos o terminales de autobuses con el miedo de ser robados o extorsionados por delincuentes o por autoridades abusivas.",0.0,48,23,12,2024
SECRETARIA DE GOBERNACION,"Para los gobiernos de la Cuarta Transformación es fundamental que el ingreso, estancia y salida de nuestros connacionales se dé en las mejores condiciones y con pleno respeto a los derechos humanos, sin contratiempos de forma ágil y segura.",0.0,39,23,12,2024
SECRETARIA DE GOBERNACION,"De acuerdo con los datos que contamos, 37.3 millones de mexicanos viven en Estados Unidos: 10.6 millones de ellos nacidos en México, y 26.7 millones de segunda y tercera generación. Muchos de ellos nos visitan para pasar Navidad en familia y las fiestas de fin de año.",0.0,47,23,12,2024
SECRETARIA DE GOBERNACION,"Por ello, este operativo especial llamado con mucho cariño “Heroínas y Héroes Paisanos” refrenda el compromiso del Gobierno de México con nuestros connacionales que esperamos año con año y que contribuyen con su esfuerzo, trabajo y amor, al desarrollo económico y cultural de dos naciones.",0.0,45,23,12,2024
SECRETARIA DE GOBERNACION,"Este programa, que se hace año con año, a través del Instituto Nacional de Migración, y su operación es el resultado del trabajo coordinado de 40 dependencias del Gobierno de México, entre ellas: las Secretarías de Relaciones Exteriores; del Trabajo; Secretaría de Educación; de Medio Ambiente; Secretaría de Hacienda; de la Secretaría Anticorrupción y Buen Gobierno; Secretaría de la Defensa Nacional; la Secretaría de Marina; y la Guardia Nacional, y muchas otras. También participan los gobiernos estatales y municipales.",0.0,79,23,12,2024
SECRETARIA DE GOBERNACION,"El objetivo de este programa es establecer políticas públicas, y estrategia y acciones preventivas de asistencia y de orientación para asegurar que el ingreso, tránsito y salida de nuestros connacionales se lleve a cabo con absoluta garantía de sus derechos, la seguridad de sus bienes, personas y el pleno conocimiento de sus obligaciones.",0.0,53,23,12,2024
SECRETARIA DE GOBERNACION,El operativo inició el 28 de noviembre de este año y concluirá el 12 de enero de 2025.,0.0,18,23,12,2024
SECRETARIA DE GOBERNACION,Se desarrolla en los 31 estados y en la Ciudad de México también.,0.0,13,23,12,2024
SECRETARIA DE GOBERNACION,Y para su implementación se instalaron 226 módulos de atención a lo largo y ancho del territorio nacional.,0.0,18,23,12,2024
SECRETARIA DE GOBERNACION,Contamos con 522 observadores que contribuyen a que las actividades se desarrollen adecuadamente y con pleno respeto a los derechos humanos.,0.0,21,23,12,2024
SECRETARIA DE GOBERNACION,"Entre el 28 de noviembre y el 22 de diciembre se han distribuido 800 mil Guías Paisano en inglés y en español con información sobre trámites consulares, documentación necesaria para ingresar a México, obtención del permiso de importación temporal de vehículo y su cancelación, equipaje personal, declaración de mercancía y pago de impuestos, ampliación de la franquicia fiscal, tramitación del Certificado Zoosanitario de importación de mascotas, Pase Turístico Paisano para la Ciudad de México, envío de dinero a México y denuncias por abusos de servidores públicos.",0.0,86,23,12,2024
SECRETARIA DE GOBERNACION,"Además, se han brindado 670 mil 373 atenciones a nuestras heroínas y héroes migrantes: 699 mil de ellas en los módulos instalados a lo largo del país, 910 vía telefónica, 27 por redes sociales y 27 por correo electrónico.",0.0,39,23,12,2024
SECRETARIA DE GOBERNACION,"A través de este programa también se ha dado apoyo y acompañamiento a cuatro grandes caravanas vehiculares con 5 mil 50 vehículos, automóviles, que han ingresado por distintos puntos de la frontera norte de nuestro país, especialmente en Matamoros, Reynosa y Nuevo Laredo, en Tamaulipas; y Piedras Negras, en Coahuila.",0.0,50,23,12,2024
SECRETARIA DE GOBERNACION,"Para su atención, hemos contado con la participación de Guardia Nacional, la Agencia Nacional de Aduanas, Ángeles Verdes, el Banjército, el Instituto Nacional de Migración, por supuesto, el Consulado General de México en Laredo, Texas; las Policías estatales y municipales, y las autoridades de Protección Civil.",0.0,46,23,12,2024
SECRETARIA DE GOBERNACION,"Es muy importante decir que, en lo que va de estos días del operativo, se han recibido 41 quejas por robo y abuso de autoridad, a las cuales se ha solicitado su seguimiento para que no haya impunidad y se sancione a los responsables, sobre todo, cuando estas involucran a servidores públicos.",0.0,52,23,12,2024
SECRETARIA DE GOBERNACION,"Aprovechamos también para difundir que, si algún paisano, paisana, requiere información o quiere presentar una queja, puede llamar al 911, también pueden marcar desde México a los teléfonos que pueden ver en la pantalla o desde los Estados Unidos. Además, ponemos a su disposición las redes sociales y el correo electrónico que aparece en la pantalla.",0.0,56,23,12,2024
SECRETARIA DE GOBERNACION,"De igual forma, contamos con los Centros de Atención de la Guardia Nacional, de la Secretaría de Turismo, cuyo… Aquí pueden encontrar los datos y las páginas de internet de las dependencias.",0.0,32,23,12,2024
SECRETARIA DE GOBERNACION,"Finalmente, señalar que el gobierno de la Presidenta Claudia Sheinbaum reconoce que nuestras heroínas y héroes migrantes son mujeres y hombres que trabajan duro, y con mucha dedicación y amor para sacar adelante a sus familias.",0.0,36,23,12,2024
SECRETARIA DE GOBERNACION,"Son padres y madres, hermanos y hermanas, que tuvieron que migrar por un futuro mejor para sus hijos e hijas. Son soñadores y soñadoras que forjan día a día el bienestar de sus familias, el bienestar del país que los vio nacer, y también el bienestar del país donde viven y trabajan.",0.0,52,23,12,2024
SECRETARIA DE GOBERNACION,"Y lo más importante, son gente honrada, gente de bien, obreros, campesinos, profesionistas, comerciantes, empresarios, empleados, estudiantes, maestros, transportistas, que trabajan con ahínco, generan riqueza en donde residen y pagan sus impuestos.",0.0,32,23,12,2024
SECRETARIA DE GOBERNACION,"Por eso, los recibimos con mucha alegría y emoción. Son nuestros hermanos y hermanas, son nuestra familia.",0.0,17,23,12,2024
SECRETARIA DE GOBERNACION,A ellos les agradecemos que nos permitan servirles y trabajar para ellos.,0.0,12,23,12,2024
SECRETARIA DE GOBERNACION,Gracias.,0.0,1,23,12,2024
SECRETARIA DE GOBERNACION,"Gracias, Presidenta.",0.0,2,23,12,2024
SECRETARIA DE GOBERNACION,—Un video—.,0.0,2,23,12,2024
PRESIDENTA CLAUDIA SHEINBAUM PARDO, —Un video—.,0.0,2,23,12,2024
PRESIDENTA CLAUDIA SHEINBAUM PARDO,(PROYECCIÓN DE VIDEO),0.0,3,23,12,2024
PRESIDENTA CLAUDIA SHEINBAUM PARDO, Muy bien.,0.0,2,23,12,2024
PRESIDENTA CLAUDIA SHEINBAUM PARDO,"—Ahora sí, pasamos a las preguntas—.",0.0,6,23,12,2024
PRESIDENTA CLAUDIA SHEINBAUM PARDO," Sobre el tema. —A ver, acá—.",0.0,6,23,12,2024
PREGUNTA," Buenos días, señora Presidenta. Soy Yesenia Peralta, de Business Energy.",0.0,10,23,12,2024
PREGUNTA,"Tengo una pregunta sobre el tema a la secretaria. Presidenta, un tema que está generando puntos rojos es el tema migrante. En el caso de Tabasco tenemos frontera con Guatemala en el municipio de Tenosique, y que estos migrantes se desplazan por todo lo que es Palenque, municipios aledaños a la capital de Tabasco, incluso, en la capital vemos un incremento de estos grupos de gente migrante.",0.0,67,23,12,2024
PREGUNTA,"¿Qué se está haciendo al respecto para proteger la integridad de estas personas, una vez que se internan en el territorio mexicano, sabiendo también que acarrean también algún tipo de situaciones en la cuestión social y económica en las zonas donde se presenta este incremento?",0.0,45,23,12,2024
PRESIDENTA CLAUDIA SHEINBAUM PARDO,"¿Quieres comentar algo, Arturo?—",0.0,4,23,12,2024
SUBSECRETARIO DE DERECHOS HUMANOS, Gracias. Muy buenos días.,0.0,4,23,12,2024
SUBSECRETARIO DE DERECHOS HUMANOS,"Con su permiso, señora Presidenta.",0.0,5,23,12,2024
SUBSECRETARIO DE DERECHOS HUMANOS,"Decir que desde el Gobierno de México trabajamos en una política humanista —en la atención a lo que se pregunta— en los distintos ingresos que existen en nuestro país, por las distintas entidades. Se cuenta con una acción coordinada que encabeza el Instituto Nacional de Migración, pero también participa la Secretaría de la Defensa Nacional, la Guardia Nacional, la Secretaría de Gobernación, la Secretaría de Marina.",0.0,66,23,12,2024
SUBSECRETARIO DE DERECHOS HUMANOS,"Todas estas instituciones trabajamos para que las personas migrantes tengan las mejores condiciones, entre ellas la de seguridad, pero también contamos con una red de albergues de las distintas autoridades, entre ellas también el DIF, para dar una atención en el sur del país a los hermanos latinoamericanos o de las otras nacionalidades que ingresan al país.",0.0,57,23,12,2024
SUBSECRETARIO DE DERECHOS HUMANOS,"Recordar que México se rige por una política migratoria humanista, que trabajamos principalmente la atención de las causas. Y que esas causas se atienden también en sus lugares de origen, a través de los mecanismos de repatriación voluntaria con los que contamos; y en nuestro país, generando espacios adecuados para contar con una migración ordenada, segura y también regular, y que las personas que hoy están acá cuenten con esas condiciones mínimas.",0.0,72,23,12,2024
SUBSECRETARIO DE DERECHOS HUMANOS,"Trabajamos también de la mano de los estados, de los gobiernos locales, de los gobiernos municipales, y tratamos de proveer esos bienes y servicios.",0.0,24,23,12,2024
SUBSECRETARIO DE DERECHOS HUMANOS,"Su seguridad es nuestra prioridad y, en ese sentido, también se han implementado algunas acciones de inclusión laboral en las zonas donde se encuentran, a través de los programas que ha implementado la Secretaría del Trabajo, por mencionar algunas.",0.0,39,23,12,2024
SUBSECRETARIO DE DERECHOS HUMANOS,"Es toda una estrategia, es una coordinación interinstitucional dedicada a atender a las personas migrantes que vienen de otros países y que hoy están en el sur de nuestro país.",0.0,30,23,12,2024
SUBSECRETARIO DE DERECHOS HUMANOS,Es cuanto.,0.0,2,23,12,2024
PREGUNTA,"Presidenta, en su actual administración y con la continuidad en la 4T, representa un enorme avance para consolidar lo que se implementó desde el gobierno del Presidente Andrés Manuel López Obrador, en materia de infraestructura, como lo es Tren Maya, además los demás trenes a nivel nacional que se van a implementar, aeropuertos y todo lo que hubo durante el gobierno del Presidente Andrés Manuel.",0.0,65,23,12,2024
PREGUNTA,"Para el caso del Tren Maya en el sureste, y que se acaba de inaugurar los tramos que faltaban, ¿sigue con esto, lo que el Presidente Andrés Manuel López Obrador mencionaba, y que es también importante de igual manera lo que él llamaba “embellecimiento de los pueblos”?, dado que la mayoría de estos pueblos se encontraban en completa marginación.",0.0,59,23,12,2024
PREGUNTA,"¿Ese es el paso a seguir, señora Presidenta?",0.0,8,23,12,2024
PRESIDENTA CLAUDIA SHEINBAUM PARDO, Se hizo desde la construcción y continúa.,0.0,7,23,12,2024
PRESIDENTA CLAUDIA SHEINBAUM PARDO,"La manera en que trabajamos y que trabajó, en su momento, el Presidente López Obrador fue desarrollar el Tren Maya… Primero, consultando con las comunidades, se hizo una consulta indígena en cada una de las comunidades de los pueblos; por eso no hubo problemas realmente con las comunidades, porque fueron tomadas en cuenta.",0.0,53,23,12,2024
PRESIDENTA CLAUDIA SHEINBAUM PARDO,"Y a partir de esta consulta se definió qué querían las comunidades al paso del Tren Maya. En algunos casos son caminos, en otros vivienda, en otros, espacios públicos, una gama, digamos, de acciones que se desarrollaron en los distintos poblados.",0.0,41,23,12,2024
PRESIDENTA CLAUDIA SHEINBAUM PARDO,"Aquí está Diego también que fue parte de este proceso, no solamente de la recuperación de los sitios arqueológicos del rescate, de la restauración, sino también del apoyo a las comunidades mayas de hoy.",0.0,34,23,12,2024
PRESIDENTA CLAUDIA SHEINBAUM PARDO,"Entonces, hay varios que todavía continúan.",0.0,6,23,12,2024
PRESIDENTA CLAUDIA SHEINBAUM PARDO,"Cada 15 días nos reunimos con las empresas del Tren Maya. Ahora, en enero, las vamos a invitar para que se vea qué es lo que falta de la construcción del Tren Maya.",0.0,33,23,12,2024
PRESIDENTA CLAUDIA SHEINBAUM PARDO,"Y quedan algunos pendientes también con las comunidades, caminos y otras acciones que seguimos dándole apoyo, coordinación y verificación de que se cumpla todo lo que se comprometió.",0.0,28,23,12,2024
PREGUNTA,"Nada más un comentario para el licenciado Diego Prieto: estuvo en Tabasco y estamos muy contentos porque el Museo de La Venta están teniendo pláticas para considerarlo un museo nacional, y esto rescata, verdaderamente lo que es la cultura olmeca que está enraizada en el sureste. No sé qué le pareció el estado.",0.0,53,23,12,2024
PRESIDENTA CLAUDIA SHEINBAUM PARDO," —¿Quieres comentar algo, Diego, de ese tema?—",0.0,7,23,12,2024
DIRECTOR GENERAL DEL INSTITUTO NACIONAL DE ANTROPOLOGIA E HISTORIA," Sí, aprovechando la anfitronía de Javier May, gobernador de Tabasco, estuvimos el viernes pasado. Por eso, no pude estar yo aquí para dar cuenta de la repatriación de bienes que entregó el gobierno de Italia a nuestro país.",0.0,38,23,12,2024
DIRECTOR GENERAL DEL INSTITUTO NACIONAL DE ANTROPOLOGIA E HISTORIA,"Pero estuvimos ahí y conversamos de la necesidad de mejorar este Parque Museo que creara don Carlos Pellicer, “museo poema” le llamó también, en donde desplegó una serie de piezas monumentales de la cultura olmeca. Por eso, se llama Parque Museo La Venta, porque la mayor parte de las piezas provienen de allá.",0.0,53,23,12,2024
DIRECTOR GENERAL DEL INSTITUTO NACIONAL DE ANTROPOLOGIA E HISTORIA,"Lo cierto es que la Unesco ha recomendado que estos elementos monumentales, estas esculturas pétreas, se puedan proteger y ya no estén más en la intemperie.",0.0,26,23,12,2024
DIRECTOR GENERAL DEL INSTITUTO NACIONAL DE ANTROPOLOGIA E HISTORIA,"De manera que la idea es poder construir un museo, austero, pero un museo a la altura de la importancia que tuvo lo que se ha llamado la “cultura madre”, la cultura primigenia de Mesoamérica, y que ahí puedan estar las piezas originales, dejando réplicas en todo este recorrido muy hermoso que combina las expresiones de la cultura olmeca con la maravilla de la flora y fauna de esta región de Tabasco, de Villahermosa, y que se pudiera pensar en un museo nacional de la cultura olmeca.",0.0,87,23,12,2024
DIRECTOR GENERAL DEL INSTITUTO NACIONAL DE ANTROPOLOGIA E HISTORIA,De eso estamos platicando con el gobernador May.,0.0,8,23,12,2024
DIRECTOR GENERAL DEL INSTITUTO NACIONAL DE ANTROPOLOGIA E HISTORIA,"Y, por supuesto, le presentaremos la propuesta a la Presidenta Claudia Sheinbaum para que podamos tener en Villahermosa un espacio de este nivel, proteger las piezas originales provenientes de La Venta, Tabasco; una de las dos grandes ciudades olmecas primigenias, y que podamos contar con este destino para que los habitantes de Tabasco, los mexicanos y todo el público que llega a esta entidad pueda disfrutar de la maravilla que fue la civilización olmeca.",0.0,74,23,12,2024
DIRECTOR GENERAL DEL INSTITUTO NACIONAL DE ANTROPOLOGIA E HISTORIA,Gracias.,0.0,1,23,12,2024
PREGUNTA,"Preguntarle si ¿ya hubo algún contacto con la caravana migrante que se encuentra en Pijijiapan, Chiapas, aproximadamente de 800 personas que solicitan su ayuda para que… bueno, a través de pancartas para que pueda proporcionarles camiones y llegar al norte?",0.0,40,23,12,2024
PREGUNTA,"Se están quejando de estas condiciones pues inhumanas, también del calor. Si ¿ya hubo algún contacto?",0.0,16,23,12,2024
PRESIDENTA CLAUDIA SHEINBAUM PARDO, Lo que hacemos es que se atienden en el sur.,0.0,10,23,12,2024
PRESIDENTA CLAUDIA SHEINBAUM PARDO,"Hay varios acuerdos que se tomaron con la administración Biden, del entonces presidente, con Alicia Bárcena que estaba en Relaciones Exteriores, en donde los permisos —se llaman CBP One, que no sabemos si van a continuar o no, que son un permiso para que puedan llegar a la frontera de Estados Unidos— se dieran en el sur, ya no tuvieran que llegar a la Ciudad de México o más al norte de la Ciudad de México. Ahí se les atiende y ahí se revisa si van a tener permiso o no para entrar.",0.0,93,23,12,2024
PRESIDENTA CLAUDIA SHEINBAUM PARDO,"Si se les otorga el permiso, entonces se les dan las condiciones para poderlos transportar, dado que ya llevan el estatus para poder ser recibidos en Estados Unidos.",0.0,28,23,12,2024
PRESIDENTA CLAUDIA SHEINBAUM PARDO,"Si no tienen ese permiso, entonces se les dan distintas opciones, porque no tiene caso que lleguen al norte del país sin condiciones para estar ahí. Además, hoy estamos en época de frío. Entonces, ¿para qué llegan a la frontera de Estados Unidos si ya se les dijo que no tienen ese permiso?",0.0,53,23,12,2024
PRESIDENTA CLAUDIA SHEINBAUM PARDO,"Entonces, desde el sur se les dan distintas opciones: pueden quedarse en México a trabajar, a través de la Secretaría del Trabajo les dan diversas posibilidades; pueden quedarse un tiempo en un albergue; o si desean regresar a sus países, también se les dan las condiciones para que puedan regresar a sus países.",0.0,53,23,12,2024
PRESIDENTA CLAUDIA SHEINBAUM PARDO,"Entonces, se les atiende en el sur, ya no se les atiende en el norte. Eso es parte de una estrategia integral. Por eso, ya no llegan las caravanas de migrantes al norte, que fue algo de lo que hablé en su momento con el presidente Trump, cuando hablamos por teléfono.",0.0,51,23,12,2024
PREGUNTA," ¿Presidenta, usted ya se enteró si ya se pusieron en comunicación con estas personas?",0.0,14,23,12,2024
PRESIDENTA CLAUDIA SHEINBAUM PARDO," Sí, está trabajando la Subsecretaría.",0.0,5,23,12,2024
PRESIDENTA CLAUDIA SHEINBAUM PARDO,"—¿Quieres comentar, Arturo?—",0.0,3,23,12,2024
SUBSECRETARIO DE DERECHOS HUMANOS," Gracias, Presidenta.",0.0,2,23,12,2024
SUBSECRETARIO DE DERECHOS HUMANOS,"Hay seguimiento permanente de todas las caravanas. El Instituto Nacional de Migración y la Unidad de Política Migratoria acompañan, junto con instancias de derechos humanos. Nosotros trabajamos de manera coordinada también con la Organización Internacional para las Migraciones y con ACNUR. Entonces hay un seguimiento constante.",0.0,46,23,12,2024
SUBSECRETARIO DE DERECHOS HUMANOS,"Pero, como ha señalado la Presidenta, la atención se da en el sur y cuando cuentan con su fecha de citas CBP One se les genera un corredor humanitario, un corredor seguro para llegar a la frontera norte.",0.0,38,23,12,2024
PREGUNTA,"Mi segunda pregunta, Presidenta. Pues sobre estos últimos dichos del presidente electo, Donald Trump, ya fijó su postura sobre: cooperación, sí; subordinación, no.",0.0,23,23,12,2024
PREGUNTA,"Conocer, ¿qué opina sobre también la postura de la oposición aquí en nuestro país, que aplaude y que apoya estas declaraciones de Donald Trump?",0.0,24,23,12,2024
PRESIDENTA CLAUDIA SHEINBAUM PARDO," Primero, quiero agradecerle a Donald Trump porque se refirió a mi…",0.0,11,23,12,2024
PRESIDENTA CLAUDIA SHEINBAUM PARDO, —A ver si está por ahí lo del presidente Trump—.,0.0,10,23,12,2024
PRESIDENTA CLAUDIA SHEINBAUM PARDO,"(PROYECCIÓN DE VIDEO SOBRE DECLARACIONES DEL PRESIDENTE ELECTO DE ESTADOS UNIDOS DE AMÉRICA, DONALD TRUMP)",0.0,15,23,12,2024
PRESIDENTE ELECTO DE ESTADOS UNIDOS DE AMERICA," (Traducción en español) Hablé con la nueva Presidenta, que es una mujer encantadora y maravillosa; la Presidenta Sheinbaum, una mujer maravillosa en realidad.",0.0,23,23,12,2024
PRESIDENTE ELECTO DE ESTADOS UNIDOS DE AMERICA,(CONCLUYE VIDEO),0.0,2,23,12,2024
PRESIDENTA CLAUDIA SHEINBAUM PARDO," Si ustedes escuchan lo que todo el… Porque vale la pena, cuando hay una información, que se vaya a la fuente original de la información; porque después hay quien quiere juntar partes de lo dicho por el presidente Trump.",0.0,39,23,12,2024
PRESIDENTA CLAUDIA SHEINBAUM PARDO,"Entonces, él, agradezco además mucho que se refiera a mí de esa manera.",0.0,13,23,12,2024
PRESIDENTA CLAUDIA SHEINBAUM PARDO,"Hemos tenido en realidad dos conversaciones telefónicas, no ha habido más que comunicación en ese sentido y, evidentemente, las comunicaciones públicas que él hace y las comunicaciones públicas que hacemos nosotros.",0.0,31,23,12,2024
PRESIDENTA CLAUDIA SHEINBAUM PARDO,"Entonces, él se refiere ahí en una parte y después, en otra parte, ahí dice que me comentó que pide el apoyo para la migración y otros temas.",0.0,28,23,12,2024
PRESIDENTA CLAUDIA SHEINBAUM PARDO,"Y después, hay otra parte donde habla de definir a los cárteles como “terrorismo”, pero nunca habla de la intervención en México, nunca. Incluso, habla de las propias agencias hacia Estados Unidos.",0.0,32,23,12,2024
PRESIDENTA CLAUDIA SHEINBAUM PARDO,Entonces ¿qué pienso yo más allá de la manera en que se expresa el presidente Trump?,0.0,16,23,12,2024
PRESIDENTA CLAUDIA SHEINBAUM PARDO,"Yo creo que va a haber un acuerdo para todos los temas con Estados Unidos, un acuerdo en el terreno migratorio, un acuerdo en el terreno de colaboración y cooperación en temas de seguridad, y también acuerdos relacionados con el Tratado Comercial México-Estados Unidos y Canadá.",0.0,46,23,12,2024
PRESIDENTA CLAUDIA SHEINBAUM PARDO,"Él anunció también ayer que va a hacer una campaña masiva contra el fentanilo y las drogas, que fue algo de lo que conversamos en la segunda conversación telefónica, que prestó mucha atención a la campaña que le platiqué que hizo el Presidente López Obrador.",0.0,45,23,12,2024
PRESIDENTA CLAUDIA SHEINBAUM PARDO,"Entonces, yo creo que no hay que… Hay que, digamos, trabajar para tener una buena relación, pero no hay que “engancharse”, digamos, en los temas y sencillamente, escuchar bien lo que está diciendo.",0.0,33,23,12,2024
PRESIDENTA CLAUDIA SHEINBAUM PARDO,"Y repito: yo creo que, así como tuvo una buena relación con el Presidente López Obrador, de respeto, también estoy convencida que vamos a tener una buena relación; y en el momento en que tengamos que platicar, sea personalmente o los equipos, se va a hacer así.",0.0,47,23,12,2024
PRESIDENTA CLAUDIA SHEINBAUM PARDO,"Ahora, la oposición, claro, increíble, la verdad: celebrando la intervención, una intervención de Estados Unidos en México. Es que es igual que los conservadores del siglo XIX que fueron a buscar a Maximiliano, para que viniera a México; celebrando la intervención francesa contra Juárez y la Reforma, es lo mismo ahora.",0.0,51,23,12,2024
PRESIDENTA CLAUDIA SHEINBAUM PARDO,Pero es importante que se dé cuenta el pueblo de México.,0.0,11,23,12,2024
PRESIDENTA CLAUDIA SHEINBAUM PARDO,"Ayer yo veía publicaciones en redes, “ya se le acabó a Morena”, “ya se le acabó a los populistas”.",0.0,19,23,12,2024
PRESIDENTA CLAUDIA SHEINBAUM PARDO,O sea… ¡¿Cómo puede alguien querer una intervención de otro país en México?!,0.0,13,23,12,2024
PRESIDENTA CLAUDIA SHEINBAUM PARDO," Pues sí, ¿no?",0.0,3,23,12,2024
PRESIDENTA CLAUDIA SHEINBAUM PARDO,"Cuando dije lo del Himno “Mas si osare un extraño enemigo”, algunos se burlaron, pero es algo que está en el corazón de las y los mexicanos: la defensa de nuestra soberanía, de nuestra independencia. Somos un país libre, soberano, independiente.",0.0,41,23,12,2024
PRESIDENTA CLAUDIA SHEINBAUM PARDO,"Y nos relacionamos, colaboramos, trabajamos. Por supuesto que nosotros tenemos que colaborar hasta por razones humanitarias de la crisis de consumo de fentanilo, de drogas, pero particularmente de fentanilo que tiene Estados Unidos, y en eso hay que colaborar.",0.0,39,23,12,2024
PRESIDENTA CLAUDIA SHEINBAUM PARDO,"Y también de lo que significa la colaboración en términos de información, de trabajo conjunto, para poder atender la inseguridad que se vive en México y la violencia, pero de eso a una intervención pues, evidentemente… Yo creo que, si hacen una encuesta, el 99 por ciento no está de acuerdo; la gente está de acuerdo en colaborar, en coordinarse, pero no está de acuerdo en una intervención.",0.0,68,23,12,2024
PRESIDENTA CLAUDIA SHEINBAUM PARDO,"Entonces, vamos a mantener comunicación, relación con el gobierno de Trump, del presidente Trump, y ya veremos en su momento cómo se dan las condiciones para poder llegar a diferentes acuerdos, que lo único que pedimos nosotros son Acuerdos de Alto Nivel que nos permitan hablar de todos los temas y establecer las condiciones de coordinación.",0.0,56,23,12,2024
PRESIDENTA CLAUDIA SHEINBAUM PARDO,"Ahora, ayer también se refirió al tema de Panamá.",0.0,9,23,12,2024
PRESIDENTA CLAUDIA SHEINBAUM PARDO,"Y ahí sí nuestra solidaridad con el presidente de Panamá, que salió muy rápidamente a decir: “el canal de Panamá es de los panameños” y, en efecto, el canal de Panamá es de los panameños.  Entonces, ahí sí nuestra solidaridad, nuestro apoyo al presidente de Panamá, al pueblo de Panamá.",0.0,50,23,12,2024
PRESIDENTA CLAUDIA SHEINBAUM PARDO,"Y también que es importante, que es el fondo.",0.0,9,23,12,2024
PRESIDENTA CLAUDIA SHEINBAUM PARDO,"En la medida en que los países de América Latina y El Caribe, todos los países, pero en particular América Latina y El Caribe puedan gozar de condiciones de desarrollo, de bienestar, en esa medida va a disminuir la migración. El fondo de cómo atender la migración es atendiendo las causas que generan la migración.",0.0,55,23,12,2024
PRESIDENTA CLAUDIA SHEINBAUM PARDO,"Entonces, eso va a seguir siendo nuestro posicionamiento y la relación que debamos tener en todos los temas, porque, además, somos países vecinos y nuestra defensa de las mexicanas y mexicanos que viven en Estados Unidos.",0.0,36,23,12,2024
PREGUNTA,"Sobre el tema justamente del programa que presentaron hoy, quiero preguntarle si ¿tienen contemplado algún mecanismo para que los paisanos denuncien abusos de autoridad o denuncien problemas de inseguridad en la carretera?",0.0,32,23,12,2024
PREGUNTA,"Yo recuerdo que, en 2019, la Secretaría de la Función Pública sacó una app que se llamaba “Denuncia paisano”, pero ya esa no existe desde el año pasado.",0.0,28,23,12,2024
PREGUNTA,Entonces quería saber ¿si tienen ese mecanismo y si tienen contemplado algún…?,0.0,12,23,12,2024
PRESIDENTA CLAUDIA SHEINBAUM PARDO," —Los teléfonos, a ver—.",0.0,4,23,12,2024
PREGUNTA,"Y sobre el tema también, ¿si el gobierno está preparado para la reinserción de connacionales que quieren regresar a México en materia de empleo, de seguridad social y programas del Bienestar?",0.0,31,23,12,2024
PRESIDENTA CLAUDIA SHEINBAUM PARDO," Estamos trabajando en varios esquemas. Uno, para todos aquellos que quieran regresar de manera voluntaria a nuestro país, para que puedan tener todos los Programas de Bienestar al que pueden acceder de manera inmediata, expedita.",0.0,35,23,12,2024
PRESIDENTA CLAUDIA SHEINBAUM PARDO,"Entonces, estamos trabajando en todo ello para que puedan regresar; que tengan acceso a empleos, si es que lo requieren; puedan llegar a sus lugares de origen con seguridad y certeza. Y, en particular, este trabajo, este operativo especial de Navidad y Año Nuevo que presenta la secretaria Rosa Icela.",0.0,50,23,12,2024
PRESIDENTA CLAUDIA SHEINBAUM PARDO,—Aquí están los teléfonos a los que pueden llamar y las redes sociales en donde pueden comunicarse—.,0.0,17,23,12,2024
PRESIDENTA CLAUDIA SHEINBAUM PARDO," Para denuncia o también para apoyo, para lo que se requiera.",0.0,11,23,12,2024
PRESIDENTA CLAUDIA SHEINBAUM PARDO,"Y, por otro lado, también, en caso de que hubiera una deportación que sería, digamos, “regreso no voluntario”, estamos trabajando con los Consulados —como lo mencionó el canciller Juan Ramón de la Fuente— para que todos nuestros hermanos, hermanas, paisanos, paisanas mexicanas allá, sepan cuáles son sus derechos, a quién llamar, cómo llamar al Consulado, cómo pueden recibir apoyo jurídico, apoyo legal; y, en caso de que ya lleguen a nuestro país, poderlos recibir adecuadamente.",0.0,75,23,12,2024
PRESIDENTA CLAUDIA SHEINBAUM PARDO,En todo eso estamos trabajando. En su momento ya lo informaremos.,0.0,11,23,12,2024
PRESIDENTA CLAUDIA SHEINBAUM PARDO, No hemos tenido mayor comunicación.,0.0,5,23,12,2024
PRESIDENTA CLAUDIA SHEINBAUM PARDO,"Recuerden que ellos todavía requieren ser ratificados, la mayoría del equipo, bueno, la gran mayoría del equipo del presidente Trump tiene que ser ratificado por el Senado de Estados Unidos. Una vez que sean ratificados, pues ya estaremos entrando en comunicación con ellos para poder llegar a los diferentes acuerdos.",0.0,50,23,12,2024
PRESIDENTA CLAUDIA SHEINBAUM PARDO,"Entonces, por lo pronto son las dos llamadas que hemos tenido, la comunicación pública que hacemos, como aquí, ahora; y en su momento, ya tengan la certeza de que nos vamos a comunicar.",0.0,33,23,12,2024
PREGUNTA,"Se dice que es un negocio anual de más de 4 mil millones de dólares para Estados Unidos y Canadá, un negocio bastante jugoso.",0.0,24,23,12,2024
PREGUNTA,"Y, bueno, usted ha dicho que en febrero se intentará en el Congreso legislar al respecto, pero los investigadores señalan que las esporas de las plantas del maíz ya están aquí en México, porque ya hace muchos años que llegaron.",0.0,40,23,12,2024
PREGUNTA,"Y la pregunta es ¿qué puede hacer México para proteger las semillas autóctonas y que son milenarias de su maíz y, por tanto, la alimentación del pueblo mexicano?",0.0,28,23,12,2024
PRESIDENTA CLAUDIA SHEINBAUM PARDO, Son dos temas.,0.0,3,23,12,2024
PRESIDENTA CLAUDIA SHEINBAUM PARDO,"Uno es la importación de maíz, particularmente, amarillo porque es el maíz que se importa y que es principalmente para consumo animal. Entonces es una parte, digamos, la parte de comercio y de importación de maíz amarillo.",0.0,37,23,12,2024
PRESIDENTA CLAUDIA SHEINBAUM PARDO,"La parte que a nosotros nos importa o que tiene más importancia para México —aunque, evidentemente, creemos que hay efectos a la salud, y que eso tiene que irse disminuyendo—, pero la parte que es fundamental proteger es la siembra de maíz en México. La siembra de maíz en México todavía en una parte muy importante de nuestro país es con maíz criollo.",0.0,63,23,12,2024
PRESIDENTA CLAUDIA SHEINBAUM PARDO,"El maíz no surgió de manera silvestre. Las investigaciones hasta ahora, aunque hay distintas teorías, una de las teorías es que fue la domesticación del teocintle lo que dio esta planta maravillosa del maíz, que tiene muchísimas variedades: el maíz azul, el maíz… bueno, hay cientos de variedades que están reconocidas por las investigaciones mexicanas.",0.0,55,23,12,2024
PRESIDENTA CLAUDIA SHEINBAUM PARDO,"Y también como parte de la biodiversidad genética del mundo, porque la biodiversidad no solamente… Hay diversas formas de biodiversidad, una de ellas es la biodiversidad genética.",0.0,27,23,12,2024
PRESIDENTA CLAUDIA SHEINBAUM PARDO,"Entonces, la domesticación de los primeros pobladores de lo que hoy llamamos México, de Mesoamérica —Diego también sabe mucho sobre esto, ahora le paso el micrófono—, la domesticación fue lo que produjo las diversas variedades del maíz que permiten sembrarse y dar producción en distintos, distintas alturas, esa es una de las grandes virtudes del maíz.",0.0,56,23,12,2024
PRESIDENTA CLAUDIA SHEINBAUM PARDO,"Entonces, el maíz hay que protegerlo, por la biodiversidad, por su diversidad genética, pero también culturalmente, porque México está ligado intrínsecamente, culturalmente, por nuestro origen, por lo que son los pueblos originarios de ayer y de hoy y la resistencia, con el maíz.",0.0,43,23,12,2024
PRESIDENTA CLAUDIA SHEINBAUM PARDO,"El maíz es México, por eso se dice: “sin maíz no hay país”.",0.0,13,23,12,2024
PRESIDENTA CLAUDIA SHEINBAUM PARDO,"Entonces, proteger para que aquí en México no se siembre maíz transgénico es fundamental. Ya hay decretos, pero ahora queremos llevarlo a la Constitución.",0.0,24,23,12,2024
PRESIDENTA CLAUDIA SHEINBAUM PARDO,Y que quede muy claro que en México está prohibido sembrar maíz transgénico.,0.0,13,23,12,2024
PRESIDENTA CLAUDIA SHEINBAUM PARDO,"Eso es, por un lado.",0.0,5,23,12,2024
PRESIDENTA CLAUDIA SHEINBAUM PARDO,"Por otro lado, cuando fui Jefa de Gobierno en la Ciudad de México… De hecho, desde que fui secretaria de Medio Ambiente, cuando el Presidente fue Jefe de Gobierno, se hizo un decreto para que en la ciudad no se sembrara maíz transgénico. Y ahora que fui Jefa de Gobierno se trabajó en “Bancos de Germoplasma” —se llama—, es decir, para guardar las diversas variedades del maíz. Y vamos a trabajar también en ello, y en la identificación de si hay contaminación de maíz transgénico en nuestro país.",0.0,88,23,12,2024
PRESIDENTA CLAUDIA SHEINBAUM PARDO,¿Qué virtud tiene el maíz criollo? Pues que es productivo.,0.0,10,23,12,2024
PRESIDENTA CLAUDIA SHEINBAUM PARDO,"La semilla del maíz transgénico, incluso de algunos maíces híbridos que quiere decir que han sido modificados genéticamente también, pero no a través de laboratorio en términos de inyección, no sé exactamente cómo se diga científicamente, pero a través de la modificación genética de la semilla, sino a través de procesos, de siembra y de mejora de la semilla, es que la semilla del maíz criollo pues es productiva; es decir, se guarda una parte del maíz, esa semilla se guarda y se vuelve a sembrar y a utilizar en la siguiente cosecha.",0.0,93,23,12,2024
PRESIDENTA CLAUDIA SHEINBAUM PARDO,"Eso es muy importante, porque no depende el campesino de comprarle a una empresa transnacional la semilla.",0.0,17,23,12,2024
PRESIDENTA CLAUDIA SHEINBAUM PARDO,"Entonces, conservar el maíz en México no transgénico es algo obligatorio para todas y todos los mexicanos, y eso es lo queremos principalmente que quede en la Constitución. Y nadie puede intervenir sobre eso, porque ese es un derecho y una obligación de las mexicanas y de los mexicanos.",0.0,49,23,12,2024
PRESIDENTA CLAUDIA SHEINBAUM PARDO,"—No sé si quieras comentar algo más, Diego, sobre esto—",0.0,10,23,12,2024
DIRECTOR GENERAL DEL INSTITUTO NACIONAL DE ANTROPOLOGIA E HISTORIA," Es muy importante reconocer que México es uno de los ocho centros de domesticación de gramíneas a nivel planetario, y esto se hizo a partir de un proceso largo de milenios, en que los grupos humanos que habitaban en esta parte del continente, en el territorio que ahora es México, fueron progresivamente seleccionando mediante un proceso de selección cultural, no natural, los granos que iban siendo crecientemente más fijos, más grandes.",0.0,71,23,12,2024
DIRECTOR GENERAL DEL INSTITUTO NACIONAL DE ANTROPOLOGIA E HISTORIA,"Evidentemente, de una pequeñita planta, que es el teocintle, pasamos a lo que es ahora la mazorca, y esto se da de la mano de un portentoso sistema agroalimentario que se llama milpa, que tiene tres componentes fundamentales:",0.0,38,23,12,2024
DIRECTOR GENERAL DEL INSTITUTO NACIONAL DE ANTROPOLOGIA E HISTORIA,"El maíz, que —como bien ha dicho la señora Presidenta— es una planta que no surge de manera espontánea, es una planta construida por el ser humano, creada por los grupos humanos que poblaban esta parte del territorio americano, que en el siglo pasado le llamaron Mesoamérica.",0.0,47,23,12,2024
DIRECTOR GENERAL DEL INSTITUTO NACIONAL DE ANTROPOLOGIA E HISTORIA,Pero que va de la mano con el frijol y la calabaza que en algunos pueblos constituyen una suerte de trinidad sagrada.,0.0,22,23,12,2024
DIRECTOR GENERAL DEL INSTITUTO NACIONAL DE ANTROPOLOGIA E HISTORIA,"Y además, de muchas otras plantas: el chile, los quintoniles, el amaranto, los nopales, los agaves y, dependiendo de las situaciones climatológicas otras plantas que se integran a las milpas, como, por ejemplo, el cacao en la parte del sureste mexicano, y otras, otras más.",0.0,45,23,12,2024
DIRECTOR GENERAL DEL INSTITUTO NACIONAL DE ANTROPOLOGIA E HISTORIA,"Pero, además, junto con ello, también prevalecen animales, como es el caso del guajolote, animales que forman parte de este policultivo que se llama milpa.",0.0,25,23,12,2024
DIRECTOR GENERAL DEL INSTITUTO NACIONAL DE ANTROPOLOGIA E HISTORIA,"La milpa le ha dado al mundo más del 15 por ciento de los alimentos que consume la humanidad entera. ¿Que sería, por ejemplo, de la cocina italiana sin el jitomate que también es milpa?",0.0,35,23,12,2024
DIRECTOR GENERAL DEL INSTITUTO NACIONAL DE ANTROPOLOGIA E HISTORIA,"De manera que tenemos que defender el maíz, tenemos que defender la milpa y tenemos que defender la milpa en toda su diversidad.",0.0,23,23,12,2024
DIRECTOR GENERAL DEL INSTITUTO NACIONAL DE ANTROPOLOGIA E HISTORIA,"Hay una variante de la milpa que además es Patrimonio de la Humanidad, que es la milpa chinampera, que prospera en el sur de la Ciudad de México y que, como bien dijo nuestra Presidenta, desde que ella fue secretaria de Medio Ambiente en la Ciudad de México se ha defendido y que, por supuesto, está amenazada por el crecimiento urbano.",0.0,61,23,12,2024
DIRECTOR GENERAL DEL INSTITUTO NACIONAL DE ANTROPOLOGIA E HISTORIA,"La milpa chinampera se considera uno de los sistemas agrícolas más productivos de la historia de la humanidad. De manera que esto, además es ya reconocido como Patrimonio de la Humanidad.",0.0,31,23,12,2024
DIRECTOR GENERAL DEL INSTITUTO NACIONAL DE ANTROPOLOGIA E HISTORIA,"Y lo que se está haciendo cuando se habla de impedir que prospere la siembra de maíz transgénico es defender, no solo el patrimonio de México, “porque sin maíz, no hay país”, sino defender un Patrimonio de la Humanidad.",0.0,39,23,12,2024
DIRECTOR GENERAL DEL INSTITUTO NACIONAL DE ANTROPOLOGIA E HISTORIA,"Le estamos haciendo un bien a la humanidad, a la historia de las culturas en el mundo entero, en el planeta; y, por lo tanto, también es una contribución para evitar fenómenos catastróficos como el que llamamos el cambio climático.",0.0,40,23,12,2024
DIRECTOR GENERAL DEL INSTITUTO NACIONAL DE ANTROPOLOGIA E HISTORIA,Gracias.,0.0,1,23,12,2024
PREGUNTA,"¿Quería saber si usted fue invitada a estas asunciones, y si piensa ir?",0.0,13,23,12,2024
PREGUNTA,Gracias.,0.0,1,23,12,2024
PRESIDENTA CLAUDIA SHEINBAUM PARDO," En el primer caso va a ir una representación o el propio embajador, que está en Venezuela.",0.0,17,23,12,2024
PRESIDENTA CLAUDIA SHEINBAUM PARDO,"Y en el segundo caso, entiendo que todavía no hay invitaciones, no solo a México, sino que todavía no hay invitaciones, en general, aunque el presidente Trump mencionó que iba a invitar al presidente de China en una de sus conferencias y publicaciones.",0.0,43,23,12,2024
PRESIDENTA CLAUDIA SHEINBAUM PARDO,"—Acá. A ver, aquí primero, “primero las damas”, como dicen. Primero las mujeres—",0.0,13,23,12,2024
PREGUNTA,"¿Cuáles son sus retos y desafíos en el 2025 en materia de seguridad, salud, empleo, economía y derechos humanos?",0.0,19,23,12,2024
PRESIDENTA CLAUDIA SHEINBAUM PARDO, Dicen que “es pregunta de doctorado”. No.,0.0,7,23,12,2024
PRESIDENTA CLAUDIA SHEINBAUM PARDO,"Tenemos un plan. Vamos a presentar… Vamos a tomarlo en diferentes áreas, ¿no?",0.0,13,23,12,2024
PRESIDENTA CLAUDIA SHEINBAUM PARDO,"El primero es el plan de infraestructura para México. En el plan de infraestructura están los trenes del sureste, terminarlos y, en particular, el Tren Maya convertirlo también en un tren de carga. El Tren Maya está prácticamente terminado; hay algunas cuestiones pendientes, sobre todo, la llegada de más trenes, que así fue programado. Eso, por un lado.",0.0,58,23,12,2024
PRESIDENTA CLAUDIA SHEINBAUM PARDO,"El tren de carga, el Interoceánico, que falta terminar la Línea K, que va a Guatemala, y la Línea que va a Dos Bocas, a la refinería, particularmente, aunque no sólo le va a servir a la refinería.",0.0,38,23,12,2024
PRESIDENTA CLAUDIA SHEINBAUM PARDO,"Están los trenes al norte, el Tren México-Nuevo Laredo y el México-Nogales, que el próximo año inician su construcción, inicia en abril del próximo año. Vamos a iniciar con México-Querétaro —me falta el México-Pachuca, que también va a iniciar— y a Irapuato, y también se va a licitar el Saltillo-Monterrey, como parte de la primera etapa de los dos trenes.",0.0,60,23,12,2024
PRESIDENTA CLAUDIA SHEINBAUM PARDO,"Por otro lado, está el programa de carreteras, que es muy ambicioso también e inician distintas carreteras. Particularmente, vamos a fortalecer las carreteras de Guerrero, van a ser de las primeras.",0.0,31,23,12,2024
PRESIDENTA CLAUDIA SHEINBAUM PARDO,Pero en todo el país es este trabajo que hemos estado haciendo con todos los gobernadores para definir claramente los proyectos estratégicos para los próximos seis años.,0.0,27,23,12,2024
PRESIDENTA CLAUDIA SHEINBAUM PARDO,"Entonces, están los trenes. Están las carreteras.",0.0,7,23,12,2024
PRESIDENTA CLAUDIA SHEINBAUM PARDO,"Está el programa de agua, de abastecimiento de agua potable que tiene tres vertientes:",0.0,14,23,12,2024
PRESIDENTA CLAUDIA SHEINBAUM PARDO,El programa de eficiencia de los distritos de riego.,0.0,9,23,12,2024
PRESIDENTA CLAUDIA SHEINBAUM PARDO,"Los programas estratégicos en algunas regiones, entre ellas, la Zona Metropolitana del Valle de México, y algunas obras estratégicas en todo el país para abastecimiento de agua potable.",0.0,28,23,12,2024
PRESIDENTA CLAUDIA SHEINBAUM PARDO,"Y la tercera, que es juntar los recursos municipales, estatales y federales para que podamos hacer un programa de largo plazo para poder invertir en agua potable y saneamiento en todo el país.",0.0,33,23,12,2024
PRESIDENTA CLAUDIA SHEINBAUM PARDO,"Y además, hay otros proyectos como, por ejemplo, el Parque de Economía Circular, que va a ser en Tula, Hidalgo y algunos otros proyectos importantes.",0.0,25,23,12,2024
PRESIDENTA CLAUDIA SHEINBAUM PARDO,"Digamos, eso es de obra pública.",0.0,6,23,12,2024
PRESIDENTA CLAUDIA SHEINBAUM PARDO,Está el aeropuerto de Tamuín y otros aeropuertos que también vamos a desarrollar.,0.0,13,23,12,2024
PRESIDENTA CLAUDIA SHEINBAUM PARDO,"Luego —esa es obra pública—, por otro lado, está lo que llamamos el “Plan México”, que lo vamos a presentar en enero del próximo año. Plan México incluye estas obras, pero incluye, sobre todo, aumentar la producción de bienes y servicios en México; eso implica sustituir importaciones, particularmente, de Asia, seguir trabajando en la llamada relocalización de las empresas, y para ello hay Polos de Bienestar en todo el país que estamos ya definiendo.",0.0,74,23,12,2024
PRESIDENTA CLAUDIA SHEINBAUM PARDO,"Plan México tiene metas claras, tiene acciones claras y las vamos a ir desarrollando, a partir de 2025.",0.0,18,23,12,2024
PRESIDENTA CLAUDIA SHEINBAUM PARDO,"Por otro lado, están los puertos, que tiene una parte de inversión pública y otra parte de inversión privada, que también es muy importante para el desarrollo del país y es parte también del Plan México.",0.0,36,23,12,2024
PRESIDENTA CLAUDIA SHEINBAUM PARDO,"Después, de está todo lo social, que son los derechos establecidos ya en la Constitución, faltan algunos que son los Programas del Bienestar del Presidente López Obrador; los tres nuevos Programas de Bienestar que estamos impulsando; el fortalecimiento del IMSS-Bienestar, del propio Instituto Mexicano del Seguro Social y del Issste, e ir realmente construyendo un solo sistema de salud.",0.0,59,23,12,2024
PRESIDENTA CLAUDIA SHEINBAUM PARDO,"El programa educativo también muy ambicioso, ya pronto vamos a presentar el programa de educación media superior y el programa de educación superior que, en principio ya lo presentamos, 330 mil nuevos espacios, particularmente, del Poli, del Tecnológico Nacional de México, de la nueva Universidad Nacional “Rosario Castellanos”, y la Universidad de la Salud, además de las Universidades “Benito Juárez”.",0.0,60,23,12,2024
PRESIDENTA CLAUDIA SHEINBAUM PARDO,"El programa de vivienda, muy ambicioso también, un millón de viviendas en el sexenio. Ya escuchamos cómo vamos a fortalecer el Infonavit y el ahorro de las y los trabajadores, y aparte el programa de vivienda para los no derechohabientes.",0.0,40,23,12,2024
PRESIDENTA CLAUDIA SHEINBAUM PARDO,"Entonces, todo esto pues es parte de un programa integral que va a ser parte del Programa Nacional de Desarrollo. Esto, del Programa Nacional de Desarrollo, por ley está la Secretaría de Hacienda, pero nombré como responsable a Jesús Ramírez, que es coordinador de Asesores.",0.0,45,23,12,2024
PRESIDENTA CLAUDIA SHEINBAUM PARDO,"Se van a hacer una serie de foros en enero para que, a finales de febrero, quede publicado el Programa Nacional de Desarrollo que incluye todo esto, que es una visión del sexenio, pero también una visión de largo plazo para nuestro país.",0.0,43,23,12,2024
PREGUNTA,¿Cuál es su opinión respecto al tema?,0.0,7,23,12,2024
PRESIDENTA CLAUDIA SHEINBAUM PARDO," Pues eso tiene que definirlo, no un diputado, sino las y los maestros, la verdad.",0.0,15,23,12,2024
PRESIDENTA CLAUDIA SHEINBAUM PARDO,"El Consejo Técnico es un espacio muy importante de reflexión de las y los maestros, no solo de temas administrativos, que son importantes, sino principalmente de los procesos educativos. Entonces, es un espacio fundamental de coordinación de quienes participan en el proceso educativo.",0.0,43,23,12,2024
PRESIDENTA CLAUDIA SHEINBAUM PARDO,"Entonces, si hay algún cambio tiene que definirse directamente por las y los maestros, y en todo caso las autoridades educativas.",0.0,21,23,12,2024
PREGUNTA,"¿Y cuál es su mensaje al pueblo de México de Navidad, de Año Nuevo, algún deseo?",0.0,16,23,12,2024
PRESIDENTA CLAUDIA SHEINBAUM PARDO," Vamos a grabar mañana temprano —o al ratito, no sé cómo estén los tiempos— un mensaje especial.",0.0,17,23,12,2024
PRESIDENTA CLAUDIA SHEINBAUM PARDO,"Primero: desearle a todas las familias mexicanas, a todas y todos los mexicanos, lo mejor este fin de año, que pasen en familia, lo mejor para el 2025.",0.0,28,23,12,2024
PRESIDENTA CLAUDIA SHEINBAUM PARDO,"Decirles que vamos a trabajar en cuerpo y alma, con cuerpo y alma para el bienestar de México.",0.0,18,23,12,2024
PRESIDENTA CLAUDIA SHEINBAUM PARDO,"Que no compren y compren, y compren. El consumismo no lleva a ningún lado. Que regalen amor, cariño. Que se junten, es muy importante la reunión familiar.",0.0,27,23,12,2024
PRESIDENTA CLAUDIA SHEINBAUM PARDO,"Que, si no se pueden juntar porque a lo mejor algunos están en otro lado, que no están en México, que se llamen por teléfono, que se hablen.",0.0,28,23,12,2024
PRESIDENTA CLAUDIA SHEINBAUM PARDO,"Que se quieran, que el amor familiar es lo más hermoso que hay.",0.0,13,23,12,2024
PRESIDENTA CLAUDIA SHEINBAUM PARDO,"Que se cuiden, que se protejan, que apapachen a los adultos mayores. Hay que cuidarse, hay que abrigarse.",0.0,18,23,12,2024
PRESIDENTA CLAUDIA SHEINBAUM PARDO,Y mucho amor.,0.0,3,23,12,2024
PRESIDENTA CLAUDIA SHEINBAUM PARDO, ¿Perdón?,0.0,1,23,12,2024
PRESIDENTA CLAUDIA SHEINBAUM PARDO," —A ver, ahorita lo ponen—.",0.0,5,23,12,2024
PREGUNTA,"Regresando al tema migratorio, ¿estas pláticas que ha sostenido con el futuro presidente de Estados Unidos, ayudarán a suavizar de cierta manera la amenaza que él tiene de hacer una deportación masiva?",0.0,32,23,12,2024
PREGUNTA,"¿Y si usted contempla reunirse lo más pronto posible ante esta situación de la migración, lo del fentanilo y lo de las armas también, que ha sido un “coco” para ambos países?",0.0,32,23,12,2024
PREGUNTA,"Y que usted se reúna de inmediato con Donald Trump para tratar este asunto personal, Presidenta. ¿Lo tiene contemplado ya?",0.0,20,23,12,2024
PRESIDENTA CLAUDIA SHEINBAUM PARDO," Yo creo que primero tendrían reunirse los equipos de trabajo. Por eso, hay que esperar a que se ratifiquen los nombramientos, para que, por ejemplo, el canciller Juan Ramón de la Fuente… Primero, pues el presidente Biden sigue gobernando.",0.0,39,23,12,2024
PRESIDENTA CLAUDIA SHEINBAUM PARDO,"Entonces, cuando sean ratificados el gabinete del presidente Trump, pues ya Juan Ramón de la Fuente, el canciller, podrá hablar en su momento, sea con el embajador o con el, si es ratificado, el Departamento de Estado —olvidé ahora su nombre— Rubio.",0.0,42,23,12,2024
PRESIDENTA CLAUDIA SHEINBAUM PARDO," Marco Rubio, pues que se comuniqué con él, que puedan establecer comunicación, que en los temas de migración pues también, a través de quien defina el presidente Trump puedan establecerse vínculos de trabajo.",0.0,33,23,12,2024
PRESIDENTA CLAUDIA SHEINBAUM PARDO,"En el tema de seguridad, pues sea con su consejero de seguridad, el security advisor que le llaman o quien él defina, con el secretario de Seguridad y Protección Ciudadana, Omar García Harfuch.",0.0,33,23,12,2024
PRESIDENTA CLAUDIA SHEINBAUM PARDO,"Es decir, que haya colaboración, entendimiento, información entre los equipos de trabajo y ya después, en todo caso, pensar una reunión conjunta.",0.0,22,23,12,2024
PRESIDENTA CLAUDIA SHEINBAUM PARDO," Primero, repito, creo que deben reunirse los equipos, tener comunicación. Siempre se puede uno comunicar por teléfono, por carta, a través de las vías diplomáticas.",0.0,25,23,12,2024
PRESIDENTA CLAUDIA SHEINBAUM PARDO,"Y vamos pues, también a esperar al momento propicio.",0.0,9,23,12,2024
PREGUNTA,"¿El gobierno mexicano está preparado, tiene la infraestructura, los recursos humanos y económicos para poder, bueno, pues atender a no solamente los mexicanos o quizá de países de Centroamérica que lleguen a México, a nuestro país?",0.0,36,23,12,2024
PREGUNTA,"¿Y si también no podría causar para los habitantes de algunas zonas, los albergues que pudieran ubicar para la atención de estos migrantes? ¿Cómo se atendería todo esto, sobre todo, la infraestructura, si la tienen contemplada también?",0.0,37,23,12,2024
PRESIDENTA CLAUDIA SHEINBAUM PARDO," Nuestra posición es que, primero, que los mexicanos y las mexicanas en Estados Unidos no son criminales, sino que aportan muchísimo a la economía de los dos países. Hemos puesto aquí datos, vamos a repetirlos nuevamente, vamos a hacer una presentación especial sobre ello, de lo que aportan las y los mexicanos.",0.0,52,23,12,2024
PRESIDENTA CLAUDIA SHEINBAUM PARDO,"Lo dije ahora en Ciudad Juárez, 7 de cada 10 trabajadores del campo son mexicanos o de origen mexicano, o sea, de primera o de segunda generación, quiere decir: o nacieron en México o nacieron en Estados Unidos, pero son de padres mexicanos, son 7 de cada 10.",0.0,48,23,12,2024
PRESIDENTA CLAUDIA SHEINBAUM PARDO,"Si esos trabajadores mexicanos no trabajaran el campo, pues no habría producción agrícola en Estados Unidos; eso significaría que no habría comida en las mesas de las y los estadounidenses.",0.0,30,23,12,2024
PRESIDENTA CLAUDIA SHEINBAUM PARDO,"Se estima, por ejemplo, que sin ese trabajo… O el trabajo de los mexicanos en Estados Unidos representaría una disminución, si no existiera, del Producto Interno Bruto en Estados Unidos.",0.0,30,23,12,2024
PRESIDENTA CLAUDIA SHEINBAUM PARDO,"La aportación de las y los mexicanos que están allá es, de lo que ellos ganan, envían en remesas, poco menos del 20 por ciento y el resto lo pagan: seguridad social en Estados Unidos y además, el consumo que hacen en Estados Unidos es muy importante.",0.0,47,23,12,2024
PRESIDENTA CLAUDIA SHEINBAUM PARDO,"Entonces, el trabajo de las y los mexicanos, que son de lo mejor del mundo en las distintas áreas: los mejores trabajadores del campo, los mejores trabajadores de la construcción, los mejores trabajadores en fábricas, los mejores trabajadores en espacios académicos, porque también producen patentes, mexicanos y mexicanas en los Estados Unidos, en los distintos ámbitos en donde se trabaja son de lo mejor que hay en el mundo.",0.0,69,23,12,2024
PRESIDENTA CLAUDIA SHEINBAUM PARDO,"Entonces, esto es muy importante. Hay que seguir informándolo para que también los ciudadanos estadounidenses lo conozcan, cuál es la aportación de las y los mexicanos, no solo a la economía de México con sus remesas, sino también a la economía de Estados Unidos.",0.0,44,23,12,2024
PRESIDENTA CLAUDIA SHEINBAUM PARDO,"Eso, lo primero.",0.0,3,23,12,2024
PRESIDENTA CLAUDIA SHEINBAUM PARDO,"Lo segundo. El apoyo que tenemos que darles a nuestros connacionales con los Consulados. Por eso, la simplificación administrativa, el apoyo legal que deban tener, el que sientan que en los Consulados están con ellos, que no los vamos a dejar solos o solas en ningún momento.",0.0,47,23,12,2024
PRESIDENTA CLAUDIA SHEINBAUM PARDO,"En caso de darse una deportación, lo que nosotros estamos planteando es que: si bien México es solidario, generoso con todas las nacionalidades, nosotros pedimos que, nosotros recibimos a las y los mexicanos, pero que debe de haber una manera de que haya una repatriación de las otras nacionalidades a sus países de origen; porque México, repito, es solidario, pero nosotros pedimos que haya el recurso necesario para que puedan ser repatriados a sus países.",0.0,75,23,12,2024
PRESIDENTA CLAUDIA SHEINBAUM PARDO,"Y, bueno, siempre buscar la mejor manera de contribuir con ello.",0.0,11,23,12,2024
PRESIDENTA CLAUDIA SHEINBAUM PARDO,"Ahora, para aquellos mexicanos y mexicanas que, si hay deportaciones, lleguen a México, estamos preparados. Entonces, Rosa Icela está coordinando este trabajo, lo está coordinando con todas las Secretarías de Estado y lo está coordinando, también, con las y los gobernadores de la frontera.",0.0,44,23,12,2024
PRESIDENTA CLAUDIA SHEINBAUM PARDO,"Entonces, el objetivo es que puedan llegar a México, que tengan una buena recepción, que no se sientan abandonados, que sepan dónde llegar. Si es necesario que se trasladen a sus estados, los podamos ayudar a trasladarse, que tengan todos los programas sociales de inmediato, que haya bolsa de trabajo para que puedan tener la posibilidad de trabajar en México, que haya teléfonos para que puedan comunicarse con sus familias.",0.0,70,23,12,2024
PRESIDENTA CLAUDIA SHEINBAUM PARDO,"Entonces, en caso de haberlo, nos estamos preparando para ello.",0.0,10,23,12,2024
PREGUNTA,"Y ya en otro tema, finalmente: el gobierno reconoció que los trabajadores ferrocarrileros sí fueron seriamente, gravemente, afectados con esta privatización que hicieron gobiernos neoliberales.",0.0,25,23,12,2024
PREGUNTA,"El expresidente también en su momento, el expresidente Andrés Manuel López Obrador, instruyó al secretario, al entonces secretario Adán Augusto López Hernández, para que este proyecto de justicia se instrumentara a todos los ferrocarrileros, los ferrocarrileros jubilados, los no liquidados y los liquidados, en donde hubo aproximadamente más de 25 mesas de trabajo y casi tres reuniones donde, prácticamente, quedó parcialmente esta situación resuelta, Presidenta.",0.0,65,23,12,2024
PREGUNTA,"Y antes de que acabara el sexenio, el Presidente manifestó que había platicado con usted sobre esta situación para que se resolviera ya en su totalidad y que estos ferrocarrileros pues ya tuvieran una solución completa a los que ellos demandan sobre la justicia social.",0.0,45,23,12,2024
PREGUNTA,"¿Usted hará suya esta situación, la palabra que el Presidente empeñó ante los ferrocarrileros para que ya esté completamente resuelto?",0.0,20,23,12,2024
PRESIDENTA CLAUDIA SHEINBAUM PARDO," Sí, lo estamos revisando.",0.0,4,23,12,2024
PRESIDENTA CLAUDIA SHEINBAUM PARDO,"Aquí le pido a Rosa Icela que nos ayude. Participa también el INDEP, el Instituto para Devolver al Pueblo lo Robado, y otras áreas que están trabajando en este trabajo para poder hacer justicia a los ferrocarrileros.",0.0,37,23,12,2024
PRESIDENTA CLAUDIA SHEINBAUM PARDO,"Sí, lo estamos trabajando.",0.0,4,23,12,2024
PRESIDENTA CLAUDIA SHEINBAUM PARDO,"—A ver acá. Bueno, acá—",0.0,5,23,12,2024
PREGUNTA,"Presidenta, la jefa de gobierno, Clara Brugada ha expresado la necesidad de dar penas más severas a extorsionadores, cobradores de piso, la famosa “gota a gota”, entre otros. ¿Habrá la posibilidad de hacerlo a nivel nacional?",0.0,36,23,12,2024
PREGUNTA,"Y, por otro lado, el pasado 6 de agosto, recolectores de basura de Chimalhuacán, encabezados por su líder, se manifestaron por la falta de capacidad del gobierno municipal de atender el problema de la basura, evidenciando dos puntos:",0.0,38,23,12,2024
PREGUNTA,"Las extorsiones en Chimalhuacán, el basurero del mismo conocido como “escalerillas”, donde se incendió el día 28 de mayo del 2022. Desde ese día para acá, los recolectores tanto del gobierno municipal como los recolectores independientes de Grupo Salas, tienen que pagar por cada tonelada de basura que recolectan que, además, siempre les meten toneladas de más en el momento de cobrarles en los tiraderos de Chicoloapan e Ixtapaluca.",0.0,69,23,12,2024
PREGUNTA,"Es urgente que volteen hacia ese lugar, Presidenta.",0.0,8,23,12,2024
PRESIDENTA CLAUDIA SHEINBAUM PARDO," ¿Cuál? ¿Cuál programa dijiste, que si puede ser nacional de Clara? En la primera.",0.0,14,23,12,2024
PRESIDENTA CLAUDIA SHEINBAUM PARDO," Ah, a la extorsión. Bueno, ya está en la Constitución, que es delito que requiere prisión preventiva oficiosa, como delito grave; eso significa delito federal. Entonces tiene que ajustarse el Código de Procedimientos Penales para poder en particular decir qué significa esto.",0.0,42,23,12,2024
PRESIDENTA CLAUDIA SHEINBAUM PARDO,"Y se está trabajando en una estrategia integral para la extorsión, en particular en Michoacán, pero ya va a ser extensiva a otras zonas, ahí donde existe esta situación.",0.0,29,23,12,2024
PRESIDENTA CLAUDIA SHEINBAUM PARDO,"Y sobre el tema de Chimalhuacán. recuerden que lo he mencionado varias veces, ya lo vamos a presentar aquí. Ahora se ha estado encargando también la secretaria de Gobernación, que tiene muchas capacidades y se encarga de muchas cosas a la vez, y además, confiamos mucho en ella.",0.0,48,23,12,2024
PRESIDENTA CLAUDIA SHEINBAUM PARDO,"Y además, hemos nombrado a German Martínez para que se encargue en la parte de ingeniería, digamos, del Programa Integral para el Oriente del Estado de México, en esa zona está Chimalhuacán.",0.0,32,23,12,2024
PRESIDENTA CLAUDIA SHEINBAUM PARDO,"¿En qué consiste este programa? Pues se está trabajando con los presidentes municipales —no todos han tomado posesión— los nuevos presidentes municipales, con la gobernadora y el Gobierno de México con distintas áreas.",0.0,33,23,12,2024
PRESIDENTA CLAUDIA SHEINBAUM PARDO,"El objetivo es un mejoramiento urbano de la zona oriente que tiene más de 10 millones de habitantes. Eso significa: mejoramiento en el acceso a agua potable, mejoramiento en el drenaje y saneamiento, mejoramiento en la disposición final de los residuos sólidos o plantas de reciclamiento de basura, vamos a llamarle más… para que se entienda más fácilmente; pavimentación, iluminación, movilidad, vialidades, seguridad, todo eso está incluido en el programa.",0.0,70,23,12,2024
PRESIDENTA CLAUDIA SHEINBAUM PARDO,"Entonces, lo estamos coordinando y ya, en su momento, lo vamos a presentar.",0.0,13,23,12,2024
PRESIDENTA CLAUDIA SHEINBAUM PARDO,"Y la idea es esa: ¿qué le va a poner el municipio?, ¿qué le va a poner el gobierno del estado?, ¿y qué le vamos a poner como Gobierno Federal? En un programa integral, por lo menos para los próximos tres años.",0.0,42,23,12,2024
PREGUNTA,"Se trata de un joven de nombre Kevin Cabrera, ciudadano americano radicado en Texas, quien al venir a Ciudad Juárez a reparar su camioneta Chevrolet Pick Up le fue retirada por autoridades de esa Aduana, solo por traer placas americanas ya vencidas, y que por ello hacen acreedor a una multa de 485 mil pesos.",0.0,55,23,12,2024
PREGUNTA,"Este tema ya lo habíamos traído aquí con el licenciado Andrés López Obrador. Él giró las instrucciones de que se hiciera lo propio, de que lo apoyaran, más, sin en cambio, ya tiene un año y no se ha hecho todavía este tipo de situaciones.",0.0,45,23,12,2024
PRESIDENTA CLAUDIA SHEINBAUM PARDO," —Mira, por ahí está Adriana, que es para Atención Ciudadana, y ella, si les das el caso, lo atendemos—.",0.0,19,23,12,2024
PREGUNTA,"Entonces, pedirle el apoyo, Presidenta, si puede. Es el estado de Puebla.",0.0,12,23,12,2024
PRESIDENTA CLAUDIA SHEINBAUM PARDO," Si, vamos a ver... Si no lo podemos hacer el próximo año porque ya está comprometido el presupuesto para varias obras, nos comprometemos para construirlo después.",0.0,26,23,12,2024
PRESIDENTA CLAUDIA SHEINBAUM PARDO,"—A ver, acá, vamos a ver, uno. Y acá adelante, vamos primero—.",0.0,12,23,12,2024
PRESIDENTA CLAUDIA SHEINBAUM PARDO,Y después presentamos “Humanismo Mexicano”,0.0,5,23,12,2024
PRESIDENTA CLAUDIA SHEINBAUM PARDO,"Y luego, como hace mucho frío y mañana es Navidad, nos trajo ponche Paulina.",0.0,14,23,12,2024
PRESIDENTA CLAUDIA SHEINBAUM PARDO," —Bueno, mañana es Nochebuena y el 25 Navidad, perdón—.",0.0,9,23,12,2024
PRESIDENTA CLAUDIA SHEINBAUM PARDO," Mi respeto total, cariño al padre Solalinde.",0.0,7,23,12,2024
PRESIDENTA CLAUDIA SHEINBAUM PARDO,"Él hace una labor muy importante y una labor humanitaria. Siempre desde… Bueno, él como religioso, como padre de la iglesia católica, pero, además, como un verdadero cristiano, la verdad, porque es un hombre con muy buenos sentimientos y que ha apoyado siempre a la gente humilde. Tiene una visión siempre y busca siempre la solidaridad, el apoyo.",0.0,58,23,12,2024
PRESIDENTA CLAUDIA SHEINBAUM PARDO,"Desde el gobierno, protegiendo siempre los derechos humanos, también tenemos diversas responsabilidades. Entonces, siempre vamos a estar abiertos a platicar con él y a reunirnos, a conocer siempre sus puntos de vista.",0.0,32,23,12,2024
PRESIDENTA CLAUDIA SHEINBAUM PARDO,"Y también desde el gobierno pues tenemos que hacer distintas tareas, repito, siempre protegiendo a los derechos humanos.",0.0,18,23,12,2024
PRESIDENTA CLAUDIA SHEINBAUM PARDO,"Que por cierto, él mencionó a un personaje, hace poco lo vi en una entrevista, un pedazo que vi en las redes con los periodistas que lo entrevistaron, en Sin Embargo, que decía que hay un personaje —que no recuerdo ahora su nombre— que se iba a incorporar al Instituto Nacional de Migración y que había estado involucrado en la represión de Atenco o algo así. Es falso. No, no se va a incorporar al Instituto Nacional de Migración.",0.0,79,23,12,2024
PRESIDENTA CLAUDIA SHEINBAUM PARDO,Y vamos a mantener siempre relación con el padre Solalinde.,0.0,10,23,12,2024
PREGUNTA,"Muchos de los que convergen con la Cuarta Transformación en sus diferentes lugares lo ha tenido también que soportar, incluso, los youtubers a veces lo tenemos que hacer, por declaraciones de los comentócratas.",0.0,33,23,12,2024
PREGUNTA,"Yo quería preguntarle a usted, usted si ¿lo ve así?, ¿“es una cuota de humillación”? Por ejemplo, lo que decía: que se han burlado de que usted mencionó el Himno Nacional. ¿Lo ve así, como “una cuota de humillación” que hay que pagar?",0.0,43,23,12,2024
PREGUNTA,"Y si es así, ¿qué es lo que hace que valga la pena, el pueblo de México, para que uno lo haga?",0.0,22,23,12,2024
PRESIDENTA CLAUDIA SHEINBAUM PARDO," Primero hay que decir que… No sé si ustedes coinciden, pero realmente los adversarios, tanto los militantes de partidos políticos como muchos comentócratas o en redes, algunos… Es Navidad, que se tranquilicen.",0.0,32,23,12,2024
PRESIDENTA CLAUDIA SHEINBAUM PARDO,"Es un odio el que tienen, una cosa así, que les surge no sé de dónde. Que tomen el espíritu navideño, se tranquilicen.",0.0,23,23,12,2024
PRESIDENTA CLAUDIA SHEINBAUM PARDO,"Osea, imagínense ustedes festejar que hubiera una intervención en nuestro país; o esta idea de que… comentarios misóginos, machistas, así de unos niveles que hasta vergüenza dan, la verdad.",0.0,29,23,12,2024
PRESIDENTA CLAUDIA SHEINBAUM PARDO,"Entonces, cuando viene de ese odio, de ese… La verdad, no sé ya ni como llamarle. Pero están muy enojados, muy frustrados, en realidad en el fondo es frustración.",0.0,29,23,12,2024
PRESIDENTA CLAUDIA SHEINBAUM PARDO,Pues la verdad es que no llega a cuota de humillación.,0.0,11,23,12,2024
PRESIDENTA CLAUDIA SHEINBAUM PARDO,"Otra parte tiene que ver, sí, en todo el proceso de lucha que hemos dado, sí hay momentos como el que mencionas y como el que mencionaba el Presidente López Obrador; pero la verdad, la satisfacción de servir al pueblo es algo hermoso.",0.0,43,23,12,2024
PRESIDENTA CLAUDIA SHEINBAUM PARDO,"Ahora, estuvimos el viernes en la Sierra Tarahumara, ahí pegado a las Barrancas del Cobre, que es un paisaje, de verdad, que quita el aliento. Es maravilloso México.",0.0,28,23,12,2024
PRESIDENTA CLAUDIA SHEINBAUM PARDO,"Y estuvimos con el pueblo rarámuri, que es uno de los pueblos, de las comunidades que los despojaron de todo y donde ahí se ve la mayor pobreza, por el clima, por las condiciones de la naturaleza, en donde es difícil, incluso, la siembra de autoconsumo, más en este periodo que hemos vivido de sequía.",0.0,55,23,12,2024
PRESIDENTA CLAUDIA SHEINBAUM PARDO,"Y la alegría por recibir sus títulos de recuperación de tierras es algo innombrable, es una emoción mutua hermosísima.",0.0,19,23,12,2024
PRESIDENTA CLAUDIA SHEINBAUM PARDO,"Entonces, servir a la gente, servir al pueblo y no traicionar las convicciones, pues es algo… es lo más satisfactorio que puede haber.",0.0,23,23,12,2024
PRESIDENTA CLAUDIA SHEINBAUM PARDO,"De ahí fuimos al pueblo yaqui, con el pueblo yaqui. Les platicaba hoy en la mañana que normalmente ellos tienen una “empalizada” en donde se reúnen los gobernadores, las autoridades tradicionales; son ocho pueblos y ahí no había entrado ninguna mujer.",0.0,41,23,12,2024
PRESIDENTA CLAUDIA SHEINBAUM PARDO,"Entonces, la primera vez que entró una mujer fue cuando fui con el Presidente López Obrador, fui dos veces con él. Y ahora, para llegar, hay que pedir autorización a las autoridades tradicionales, para poder llevar a cabo las actividades que íbamos a llevar.",0.0,44,23,12,2024
PRESIDENTA CLAUDIA SHEINBAUM PARDO,"Entonces, la entrada a esa “empalizada”, por primera vez, pues ya como Presidenta Constitucional. Y el reconocimiento de ellos, porque en la lectura que hacen es: “El pueblo de México decidió, por primera vez, que una mujer nos gobernara”.",0.0,39,23,12,2024
PRESIDENTA CLAUDIA SHEINBAUM PARDO,"Es algo muy emotivo y que muestra todo, todo, todo muestra la Transformación que está viviendo México.",0.0,17,23,12,2024
PRESIDENTA CLAUDIA SHEINBAUM PARDO,"Esa Transformación que los adversarios no han entendido y parece que no van a entender, el que el pueblo de México hoy está empoderado, reconoce la Transformación, está contento con la Transformación y la fuerza de las mujeres, porque hay una identidad de todas las mujeres, en donde no solo es que haya llegado su servidora a la Presidencia, sino que, como lo dije desde el primer momento: “llegamos todas”.",0.0,70,23,12,2024
PRESIDENTA CLAUDIA SHEINBAUM PARDO,"Entonces, es muy poderoso lo que se está viviendo en México, muy, muy fuerte. Y es un privilegio poder servir y ser parte de este proceso de Transformación.",0.0,28,23,12,2024
PREGUNTA,"Y ya, por último, una —ahora que anduvo por allá por Sonora— una diputada local, la cual concuerda junto con otros legisladores, con la convicción de la Cuarta Transformación, Amairany Peña, ella ha denunciado ya en diferentes redes el engaño que quiso hacer el alcalde de Hermosillo, Antonio Astiazarán, quien quiso meter un documento de ingresos amañado porque, incluso, venían aumentos al predial, al agua, a diferentes multas y, obviamente, fue rechazado.",0.0,72,23,12,2024
PREGUNTA,"Sin embargo, corrieron el rumor de que había sido un error únicamente y que no era el sentir de este alcalde.",0.0,21,23,12,2024
PREGUNTA,¿Cuál su percepción de esto?,0.0,5,23,12,2024
PRESIDENTA CLAUDIA SHEINBAUM PARDO," Pues qué bueno que se denuncie cuando hay una situación, sea un error o sea algo… una mentira, digamos, promovida desde el gobierno, pues qué bueno que se denuncien, y qué bueno que votaron en contra de una situación así.",0.0,40,23,12,2024
PRESIDENTA CLAUDIA SHEINBAUM PARDO,"Entonces, es un buen trabajo de la diputada, el que haya denunciado esto. Y que en cualquier lado donde haya una situación así, pues que se informe.",0.0,27,23,12,2024
PRESIDENTA CLAUDIA SHEINBAUM PARDO,"Si hay la decisión de un gobierno de subir algún derecho, de subir algún impuesto, pues que se diga abiertamente y que se explique.",0.0,24,23,12,2024
PRESIDENTA CLAUDIA SHEINBAUM PARDO,"Nosotros no estamos a favor, sobre todo, creemos que todavía hay espacio a nivel federal para seguir recaudando de manera muy importante sin necesidad de subir impuestos.",0.0,27,23,12,2024
PRESIDENTA CLAUDIA SHEINBAUM PARDO,"Este año, fíjense, son más de 400 mil millones de pesos más de recaudación que en el 2023, 6 por ciento en términos reales, sin subir impuestos. Es algo impresionante lo que ha hecho Antonio en el SAT, la verdad. Es muy buen servidor público.",0.0,45,23,12,2024
PRESIDENTA CLAUDIA SHEINBAUM PARDO,"Entonces, todavía hay espacio.",0.0,4,23,12,2024
PRESIDENTA CLAUDIA SHEINBAUM PARDO,"Pero si algún gobierno decide que haya algún impuesto, lo que no estamos de acuerdo nosotros es que afecte a la gente, sobre todo, a la gente más humilde.",0.0,29,23,12,2024
PRESIDENTA CLAUDIA SHEINBAUM PARDO,"El IVA tiene que esta característica de que, al ser igual para todos, pues le afecta más al que menos tiene. Pero si hay la decisión de algún gobierno de subir algún impuesto, pues que se explique por qué, por qué toman esa decisión, que no se haga a escondidas, que sea abierto, que se explique por qué, por qué se toma esa decisión.",0.0,64,23,12,2024
PRESIDENTA CLAUDIA SHEINBAUM PARDO,"Y que la ciudadanía lo conozca, y en todo caso, si no está de acuerdo, pues que también lo manifieste. Esa es la democracia.",0.0,24,23,12,2024
PRESIDENTA CLAUDIA SHEINBAUM PARDO,"—Bueno, la última aquí y ya—.",0.0,6,23,12,2024
PREGUNTA,"Preguntarle, con la reciente aprobación y publicación en el Diario Oficial de la Federación sobre la desaparición de los siete organismos autónomos, pues existe mucha controversia por parte de los trabajadores ante este reajuste.",0.0,34,23,12,2024
PREGUNTA,"Entonces, preguntarle ¿si van a mantener su puesto, si serán reubicados, porque así serán las dependencias? Entonces, ¿si nos puede aclarar qué va a pasar con los trabajadores?, porque hay mucha duda en ese aspecto.",0.0,35,23,12,2024
PRESIDENTA CLAUDIA SHEINBAUM PARDO," Sí. Se va a hablar con todos los trabajadores y trabajadoras de todos los organismos, una parte se va a integrar y la otra, pues tiene que cumplirse como debe cumplirse con la ley.",0.0,34,23,12,2024
PRESIDENTA CLAUDIA SHEINBAUM PARDO,"Entonces, se va a hablar con todos.",0.0,7,23,12,2024
PREGUNTA,"Entonces, ¿si es definitiva esta decisión?, ¿si solamente tienen estas dos opciones?",0.0,12,23,12,2024
PREGUNTA,"Igual preguntarle, ¿qué va a pasar con las trabajadoras de estos dos institutos, que en su mayoría en este caso son mujeres?",0.0,22,23,12,2024
PRESIDENTA CLAUDIA SHEINBAUM PARDO," Ahí en donde hay una disminución de plazas, pues tiene que cumplirse con lo que se establece en la Ley Federal del Trabajo y en la mayoría de los casos se está buscando que se integren; pero hay una parte importante en donde estamos disminuyendo, sobre todo, algunas plazas de honorarios.",0.0,51,23,12,2024
PRESIDENTA CLAUDIA SHEINBAUM PARDO,Entonces se les dan distintas alternativas.,0.0,6,23,12,2024
PRESIDENTA CLAUDIA SHEINBAUM PARDO," Pues Citlalli tiene que hablar con ellas o el equipo de la Secretaría de las Mujeres, y darles las diversas opciones.",0.0,21,23,12,2024
PREGUNTA,"Entonces, ¿si ya tienen un avance de esto?, porque también es algo que ya se prevé para el próximo año. Y en caso de que haya liquidaciones también ¿saber de cuánto estamos hablando, de cómo se armaría este reajuste?",0.0,39,23,12,2024
PRESIDENTA CLAUDIA SHEINBAUM PARDO," Se va a cumplir con la Ley, se va a cumplir con la Federal del Trabajo, siempre.",0.0,17,23,12,2024
PRESIDENTA CLAUDIA SHEINBAUM PARDO, Se va a hablar con ellos.,0.0,6,23,12,2024
PRESIDENTA CLAUDIA SHEINBAUM PARDO," Se va a hablar con ellos. Cada organismo es diferente, se va a hablar con ellos.",0.0,16,23,12,2024
PRESIDENTA CLAUDIA SHEINBAUM PARDO," —A ver, la última acá—",0.0,5,23,12,2024
PRESIDENTA CLAUDIA SHEINBAUM PARDO," Ah, sí, la encuesta de El Heraldo, ahora la ponemos.",0.0,10,23,12,2024
PRESIDENTA CLAUDIA SHEINBAUM PARDO, ¿Perdón?,0.0,1,23,12,2024
PRESIDENTA CLAUDIA SHEINBAUM PARDO," Sí. A todas y a todos los policías del país: La elección de ser policía, en la gran mayoría de los casos, es una decisión difícil de la persona que decide, porque al final toman la decisión de arriesgar su vida para proteger la de los demás; es lo mismo de quien elige ser miembro del Ejército Mexicano, de la Marina, de la Guardia Nacional.",0.0,65,23,12,2024
PRESIDENTA CLAUDIA SHEINBAUM PARDO,Las y los policías merecen todo nuestro respeto.,0.0,8,23,12,2024
PRESIDENTA CLAUDIA SHEINBAUM PARDO,"Y buscar siempre, a través de los municipios, de los estados, que reciban siempre las mejores condiciones laborales para que puedan desempeñar su trabajo.",0.0,24,23,12,2024
PRESIDENTA CLAUDIA SHEINBAUM PARDO,"—La última pregunta, ahora sí—.",0.0,5,23,12,2024
PREGUNTA," Buenos días, Presidenta de México.",0.0,5,23,12,2024
PREGUNTA,"Pues es costumbre en LM Noticias, Lord Molécula, hacerle un obsequio al Presidente, la Presidenta en turno. Y si me permite, es hacerle un pequeño obsequio. Se lo dejo a la gente de Comunicación.",0.0,34,23,12,2024
PRESIDENTA CLAUDIA SHEINBAUM PARDO, Muchas gracias.,0.0,2,23,12,2024
PRESIDENTA CLAUDIA SHEINBAUM PARDO," Ahorita lo abrimos, cuando venga el ponche.",0.0,7,23,12,2024
PREGUNTA,"Sobre el tema, Presidenta, el diario El Heraldo de México, el pasado miércoles 11, publicó una columna Quinta transformación, del colega y periodista Darío Celis, quien adelanta que el equipo de Donald Trump discute el aplicar un impuesto hasta el 10 por ciento a las remesas enviadas por México. Con esos recursos se pretende financiar la extradición de cientos de miles de trabajadores indocumentados.",0.0,64,23,12,2024
PREGUNTA,"Redactó Darío que va en línea con los halcones que designó para combatir la inmigración, como Tom Homan que será el nuevo “zar de la frontera”, y Rodney Scott, como director de Aduanas y Protección.",0.0,35,23,12,2024
PREGUNTA,"En su cuenta de X, el futuro “zar fronterizo”, Tom Homan, aseguró que la ciudad de Chicago se convertirá en la zona cero de la estrategia.",0.0,26,23,12,2024
PREGUNTA,"Presidenta, le pido su opinión ahora con el anuncio de Donald Trump y su designación de Ron Johnson, que será el primer militar de carrera como embajador de Estados Unidos en México, en 120 años de relación.",0.0,37,23,12,2024
PREGUNTA,"La pregunta específica es ¿prevé usted, con estos factores en su mapa geopolítico, una intervención militar por parte de Estados Unidos, so pretexto de la lucha contra el narcotráfico?",0.0,29,23,12,2024
PREGUNTA,¿Y qué le dice el gravar el 10 por ciento el envío de remesas de nuestros migrantes?,0.0,17,23,12,2024
PRESIDENTA CLAUDIA SHEINBAUM PARDO," Pues no sé de dónde saca la información Darío Celis. No, yo no tengo esa información.",0.0,16,23,12,2024
PRESIDENTA CLAUDIA SHEINBAUM PARDO," Pues sí, “son rumores, son rumores”.",0.0,6,23,12,2024
PRESIDENTA CLAUDIA SHEINBAUM PARDO,"Hay que esperar. Y no, no creo que… Más bien, no va a haber una intervención, como se menciona.",0.0,19,23,12,2024
PREGUNTA,"Mi segunda pregunta, Presidenta, en mi columna Los Pozos de Carlos Pozos, del pasado 10 de diciembre, la titulé: “Fobaproa: Expediente abierto”, del título que escribió el licenciado Andrés Manuel López Obrador —es de este libro, ya histórico—.",0.0,38,23,12,2024
PRESIDENTA CLAUDIA SHEINBAUM PARDO," Ya ni se encuentra ese libro, quienes tenemos ese libro es una joya, porque ya no se encuentra ese.",0.0,19,23,12,2024
PREGUNTA,"Y el pasado 12 de diciembre pues pasó sin pena ni gloria, y se cumplieron 26 años de la aprobación a la Ley de Protección del Ahorro Bancario, el IPAB, con 325 votos a favor de Priistas y Panistas, y con ello se pasó del Fobaproa al IPAB.",0.0,48,23,12,2024
PREGUNTA,"Les recuerdo que en el año de 1990, bajo la administración de Carlos Salinas de Gortari, se creó el Fobaproa que es el mecanismo financiero que convirtió la deuda privada de los bancos en deuda pública.",0.0,36,23,12,2024
PREGUNTA,"El 12 de diciembre de 1990, Andrés Manuel López Obrador, en su calidad de presidente del Comité Ejecutivo Nacional del PRD, en ese momento criticó y dijo: “Al votar al PRI la creación del Fobaproa, el PAN resolvió el problema de los banqueros y del gobierno, pero condenó a miles de millones de mexicanos a la pobreza y al hambre”.",0.0,60,23,12,2024
PREGUNTA,"El mismo presidente decía que “con tal posición se mostró cómo un partido conservador, retardatario, palero, mientras que el gobierno del presidente Ernesto Zedillo, actuó como un simple procurador para la defensa del capital financiero”.",0.0,35,23,12,2024
PREGUNTA,"Prosigue el licenciado Andrés Manuel López Obrador: “El gobierno y el PRI han sustituido al Fobaproa por un instituto que solo legaliza operaciones fraudulentas e impide el castigo a banqueros y funcionarios, que dilapidaron 650 mil millones de pesos y ahora, tendrán que ser pagados por la población hasta el año 2025”.",0.0,52,23,12,2024
PREGUNTA,"Presidenta, al tenerse ya un nuevo Presupuesto de Egresos de la Federación 2025, cuando es preciso que no se sigan o que se cuiden los recursos públicos que tanta falta hace para cubrir las necesidades, en este contexto le pregunto: el autor del libro, el licenciado Andrés Manuel López Obrador, en su tiempo dedujo que el tiempo para terminar de pagar esta deuda es el año 2025.",0.0,67,23,12,2024
PREGUNTA,"La pregunta es, ¿su administración podría decir que han pasado los años suficientes para que esta deuda quede saldada, quede pagada por los mexicanos y eliminar esta deuda? O saber, ¿cuándo se terminará de pagar?, ¿y cuál es el monto actualizado que hemos pagado los mexicanos? Lo desconocemos.",0.0,48,23,12,2024
PRESIDENTA CLAUDIA SHEINBAUM PARDO," Sí, es más de un billón de pesos. Si quieren, un día preparamos ese… el tema de cuánto se ha pagado por el rescate de los bancos en el 2000… digo, en 1994.",0.0,33,23,12,2024
PRESIDENTA CLAUDIA SHEINBAUM PARDO,"El grave problema ahí… Aunque ese libro ya no se encuentra, en su libro ¡Gracias!, el Presidente hace un análisis y un recuento de lo que significó el Fobaproa y después del IPAB.",0.0,33,23,12,2024
PRESIDENTA CLAUDIA SHEINBAUM PARDO,"La gravedad, hay graves problemas relacionados con ello: Uno, la visión del rescate a los de arriba, porque nunca se rescató a los deudores, a los pequeños deudores que perdieron todo.",0.0,31,23,12,2024
PRESIDENTA CLAUDIA SHEINBAUM PARDO,"Hay historias que uno conoce de personas que en el ‘94 perdieron casa, perdieron auto, perdieron lo poco que habían podido adquirir, a través de un préstamo bancario, y al elevarse los intereses, como se elevaron, pues no pudieron pagar, se les recuperaron y se quedaron sin nada; o pequeños empresarios que tenían una deuda y perdieron todo. A todos ellos, ellas, no se les rescató, se rescató a los de arriba.",0.0,72,23,12,2024
PRESIDENTA CLAUDIA SHEINBAUM PARDO,Ese fue el primer problema.,0.0,5,23,12,2024
PRESIDENTA CLAUDIA SHEINBAUM PARDO,"El segundo es la corrupción asociada al rescate. Empresas que no tenían problemas y que, por la corrupción de aquel momento, fueron “supuestamente” rescatadas y se les dieron miles de millones de pesos.",0.0,33,23,12,2024
PRESIDENTA CLAUDIA SHEINBAUM PARDO,Y el tercero fue la crisis tremenda que se provocó.,0.0,10,23,12,2024
PRESIDENTA CLAUDIA SHEINBAUM PARDO,"Entonces, se describe muy bien ahí en el libro ¡Gracias!, del Presidente.",0.0,12,23,12,2024
PRESIDENTA CLAUDIA SHEINBAUM PARDO,"Y un día, si quieren, que nos ayude el secretario de Hacienda o el subsecretario a presentar la situación actual del IPAB.",0.0,22,23,12,2024
PREGUNTA,"Y ahorita le formulo la siguiente, tercera, y última pregunta.",0.0,10,23,12,2024
PREGUNTA,"Presidenta, Pemex envió un correo donde aclara que no están congelados los contratos derivado a las notas publicadas recientemente en medios de comunicación oficiales y digitales, bueno, impresos; explica que no están congelados los contratos con proveedores de servicios.",0.0,39,23,12,2024
PREGUNTA,"Pemex Exploración y Producción solicitó una suspensión temporal de los procesos de publicación de contrataciones y convenios modificatorios de contratos de procesos que no se han cumplido, mientras que concluyan las fases de análisis, eficiencias operativas y presupuestales, y estima que al terminar, antes de terminar, este año pudiera pagar.",0.0,50,23,12,2024
PREGUNTA,"Más, sin embargo, Presidenta, sabemos que la Secretaría de Hacienda, al frente de Rogelio Ramírez de la O, mandó el miércoles 11 de diciembre una primera partida de 2 mil millones de dólares para pagarle a empresas, fundamentalmente PYMES, que ya están al borde de quebrar.",0.0,46,23,12,2024
PREGUNTA,"Pero me dicen empresarios petroleros que le pregunte: ¿si Pemex va a quebrar?, porque hay muchas manifestaciones por falta de pagos, tanto en Tabasco como en Ciudad del Carmen, y que están generando inseguridad.",0.0,34,23,12,2024
PREGUNTA,"En Campeche y en Tabasco los ánimos están tan encendidos, al grado que las compañías trasnacionales y nacionales han cancelado las fiestas navideñas y las posadas para sus trabajadores, pues no tienen para pagar la nómina y mucho menos para hacerle fiesta a sus trabajadores.",0.0,45,23,12,2024
PREGUNTA,"La pregunta es, Presidenta: ¿Pemex le pagará a los proveedores, a todos los proveedores al finalizar el año? O, se ha expresado que en la última Junta de Administración de Consejo de Pemex se dijo que sería hasta febrero del 2025.",0.0,41,23,12,2024
PREGUNTA,¿Cuál es la fecha para que los proveedores no tengan una amarga Navidad?,0.0,13,23,12,2024
PRESIDENTA CLAUDIA SHEINBAUM PARDO," Si, se va a pagar una parte ahora en diciembre, otra parte en enero y otra parte en febrero.",0.0,19,23,12,2024
PRESIDENTA CLAUDIA SHEINBAUM PARDO,"Con el cambio de administración… se está haciendo una revisión integral de Pemex en varios sentidos, ya vamos a presentarlo aquí.",0.0,21,23,12,2024
PRESIDENTA CLAUDIA SHEINBAUM PARDO,"El cambio constitucional que se hizo para Pemex, en vez de “empresas productivas del Estado”, “empresas públicas”, recuperan su sentido público y al mismo tiempo, en el 25 constitucional… 28 constitucional, queda establecido que no son monopolios las empresas públicas, que fue algo que se les quitó en el 2013.",0.0,50,23,12,2024
PRESIDENTA CLAUDIA SHEINBAUM PARDO,"Eso va a permitir modificar todas las leyes secundarias de Pemex y de CFE, que permitan hacer mucho más eficiente la operación de Pemex, que perdió mucha eficiencia en todo el periodo neoliberal y, particularmente, producto de la reforma energética, subsidiarias, filiales, que representan grandes gastos, y que solo ahora que se cambió la Constitución se va a poder integrar muchas de ellas, nuevamente, verticalmente.",0.0,65,23,12,2024
PRESIDENTA CLAUDIA SHEINBAUM PARDO,Esa es una parte del trabajo que se está haciendo.,0.0,10,23,12,2024
PRESIDENTA CLAUDIA SHEINBAUM PARDO,"La otra parte, se hizo una revisión normal, como se hace en cualquier cambio de administración, de las deudas a proveedores que había, una revisión de las distintas áreas, y se va a pagar a todos los que les debe de Pemex, a todos se les va a pagar.",0.0,49,23,12,2024
PRESIDENTA CLAUDIA SHEINBAUM PARDO,"Y esto sirvió, digamos, para hacer una revisión de esas deudas que se tenía, y se va a ir pagando en los siguientes meses, no se va a quedar nadie sin recibir su pago, así debe ser, así debe cumplir Pemex. Y hay recursos para hacerlo y un esquema financiero que está trabajando Secretaría de Hacienda para que pueda ser así.",0.0,61,23,12,2024
PRESIDENTA CLAUDIA SHEINBAUM PARDO,La tercera parte es el programa de Pemex de inversión para el próximo año:,0.0,14,23,12,2024
PRESIDENTA CLAUDIA SHEINBAUM PARDO,"El Programa de Exploración y Producción que tiene que ver con aumentar la exploración, la producción, en qué yacimientos, cómo se va a hacer.",0.0,24,23,12,2024
PRESIDENTA CLAUDIA SHEINBAUM PARDO,La parte de refinación.,0.0,4,23,12,2024
PRESIDENTA CLAUDIA SHEINBAUM PARDO,La consolidación de la refinería Olmeca.,0.0,6,23,12,2024
PRESIDENTA CLAUDIA SHEINBAUM PARDO,"La consolidación de las dos coquizadoras en donde se invirtió, en Salina Cruz y en Tula.",0.0,16,23,12,2024
PRESIDENTA CLAUDIA SHEINBAUM PARDO,El mantenimiento de las refinerías.,0.0,5,23,12,2024
PRESIDENTA CLAUDIA SHEINBAUM PARDO,"La nueva inversión que tiene que haber en fertilizantes y en petroquímica, que también se está trabajando.",0.0,17,23,12,2024
PRESIDENTA CLAUDIA SHEINBAUM PARDO,"Y, por otro lado, todo lo que tiene que ver con la logística de Pemex.",0.0,15,23,12,2024
PRESIDENTA CLAUDIA SHEINBAUM PARDO,"Entonces, es un programa integral.",0.0,5,23,12,2024
PRESIDENTA CLAUDIA SHEINBAUM PARDO,"Y, sí, en efecto, ha habido retrasos en el pago a proveedores, pero en estos meses se van a ir cumpliendo todos los pagos.",0.0,24,23,12,2024
PRESIDENTA CLAUDIA SHEINBAUM PARDO,Gracias.,0.0,1,23,12,2024
PRESIDENTA CLAUDIA SHEINBAUM PARDO,"—Ahora sí, Diego—.",0.0,3,23,12,2024
PRESIDENTA CLAUDIA SHEINBAUM PARDO,"Diego presenta dos cosas: una, mujer indígena; y otra, “Humanismo Mexicano”.",0.0,11,23,12,2024
DIRECTOR GENERAL DEL INSTITUTO NACIONAL DE ANTROPOLOGIA E HISTORIA," Sí, muy bien. Pues, en primer lugar, Presidenta…",0.0,8,23,12,2024
PRESIDENTA CLAUDIA SHEINBAUM PARDO," —Ah, la encuesta, a ver—.",0.0,5,23,12,2024
DIRECTOR GENERAL DEL INSTITUTO NACIONAL DE ANTROPOLOGIA E HISTORIA," La encuesta, la encuesta.",0.0,4,23,12,2024
PRESIDENTA CLAUDIA SHEINBAUM PARDO," —A ver, ¿por qué no leen?—",0.0,6,23,12,2024
PRESIDENTA CLAUDIA SHEINBAUM PARDO,"—A ver, léelo tú, Diego, ahí, la pregunta—",0.0,8,23,12,2024
DIRECTOR GENERAL DEL INSTITUTO NACIONAL DE ANTROPOLOGIA E HISTORIA, “¿Está usted de acuerdo o en desacuerdo con el nombramiento dado a la Presidenta Claudia Sheinbaum por parte de la revista Forbes?”,0.0,22,23,12,2024
DIRECTOR GENERAL DEL INSTITUTO NACIONAL DE ANTROPOLOGIA E HISTORIA,73 por ciento de acuerdo.,0.0,5,23,12,2024
DIRECTOR GENERAL DEL INSTITUTO NACIONAL DE ANTROPOLOGIA E HISTORIA,12 por ciento en desacuerdo.,0.0,5,23,12,2024
DIRECTOR GENERAL DEL INSTITUTO NACIONAL DE ANTROPOLOGIA E HISTORIA,5 por ciento ni de acuerdo ni en desacuerdo.,0.0,9,23,12,2024
DIRECTOR GENERAL DEL INSTITUTO NACIONAL DE ANTROPOLOGIA E HISTORIA,10 por ciento no sabe o no contestó.,0.0,8,23,12,2024
PRESIDENTA CLAUDIA SHEINBAUM PARDO, Ya con eso.,0.0,3,23,12,2024
DIRECTOR GENERAL DEL INSTITUTO NACIONAL DE ANTROPOLOGIA E HISTORIA," Bien, señora Presidenta, secretaria, compañeras y compañeros del equipo de gobierno, amigas y amigos de los medios y quienes nos siguen a través de las redes.",0.0,26,23,12,2024
DIRECTOR GENERAL DEL INSTITUTO NACIONAL DE ANTROPOLOGIA E HISTORIA,"Me siento, de verdad, muy honrado que me inviten a participar en estas intervenciones sobre el Humanismo Mexicano que, como ustedes saben, se nutre fundamentalmente de dos fuentes:",0.0,28,23,12,2024
DIRECTOR GENERAL DEL INSTITUTO NACIONAL DE ANTROPOLOGIA E HISTORIA,"Por una parte el conjunto de valores, de saberes, de conocimientos y de aportes materiales y espirituales que los pueblos originarios de ayer y de hoy hacen a México y a la humanidad.",0.0,33,23,12,2024
DIRECTOR GENERAL DEL INSTITUTO NACIONAL DE ANTROPOLOGIA E HISTORIA,"Y, por otro lado, las grandes gestas y esfuerzos históricos del pueblo mexicano, que ha demostrado siempre hacer valer su voz contra la injusticia, contra la desigualdad, contra la tiranía, contra los gobiernos que se oponen y se distancian del pueblo.",0.0,41,23,12,2024
DIRECTOR GENERAL DEL INSTITUTO NACIONAL DE ANTROPOLOGIA E HISTORIA,"En este caso, vamos primero a presentar un video muy breve, una cápsula que habla de una de las ciudades mayas que tuvo un gran esplendor, sobre todo desde el periodo clásico temprano y hasta el clásico tardío, se trata de Dzibanché.",0.0,42,23,12,2024
DIRECTOR GENERAL DEL INSTITUTO NACIONAL DE ANTROPOLOGIA E HISTORIA,"Quiero, antes de pasar el video, hacer una puntualización que me hizo mi querida maestra Silvia Terán, una gran conocedora del maíz y de la milpa, sobre todo en la parte maya peninsular. Ella nos informa también que, desde 2022, la milpa maya peninsular es considerada Patrimonio Agrícola de la Humanidad.",0.0,51,23,12,2024
DIRECTOR GENERAL DEL INSTITUTO NACIONAL DE ANTROPOLOGIA E HISTORIA,"Y que debemos insistir en que la preservación de la selva maya que incorpora el norte de Chiapas, Tabasco, Campeche y Quintana Roo, y buena parte también de Guatemala y de Belice, esa preservación de esta que es la segunda selva tropical del Continente Americano se ha dado gracias, en buena medida, a la milpa; que no solo es un sistema que alimenta al ser humano, sino también es un sistema que contribuye sensiblemente a preservar la biodiversidad.",0.0,78,23,12,2024
DIRECTOR GENERAL DEL INSTITUTO NACIONAL DE ANTROPOLOGIA E HISTORIA,"Vamos entonces a ver este video de hallazgos relevantes en la ciudad de Dzibanché-Kinichná, al sur de Quintana Roo.",0.0,19,23,12,2024
DIRECTOR GENERAL DEL INSTITUTO NACIONAL DE ANTROPOLOGIA E HISTORIA,(PROYECCIÓN DE VIDEO DE LA SECCIÓN “HUMANISMO MEXICANO”),0.0,8,23,12,2024
DIRECTOR GENERAL DEL INSTITUTO NACIONAL DE ANTROPOLOGIA E HISTORIA, Muchas gracias.,0.0,2,23,12,2024
DIRECTOR GENERAL DEL INSTITUTO NACIONAL DE ANTROPOLOGIA E HISTORIA,"Nos ha solicitado también nuestra Presidenta Claudia Sheinbaum que les compartamos la determinación para que el año 2025… Siempre se acostumbra dedicar el año a alguna figura, a algún personaje o a alguna expresión de la cultura mexicana; y en este caso el año 2025 estará dedicado a la mujer indígena.",0.0,51,23,12,2024
DIRECTOR GENERAL DEL INSTITUTO NACIONAL DE ANTROPOLOGIA E HISTORIA,"Hay que tener en cuenta que, en los últimos días de septiembre, se aprobó una reforma al artículo 2 constitucional, en que los pueblos indígenas y los grupos afromexicanos se les reconoce como sujetos de derecho público con capacidad de tener sus propias formas de gobierno, de organización, mantener sus lenguas y, por supuesto, sus territorios y su patrimonio propio.",0.0,60,23,12,2024
DIRECTOR GENERAL DEL INSTITUTO NACIONAL DE ANTROPOLOGIA E HISTORIA,"En este caso la idea es resaltar el papel que tiene la mujer en la humanidad, toda, pero en particular en la lucha por la emancipación y por los derechos de los pueblos indígenas, y por eso, se ha dedicado a la mujer indígena este año 2005.",0.0,47,23,12,2024
PRESIDENTA CLAUDIA SHEINBAUM PARDO, ‘25.,0.0,1,23,12,2024
DIRECTOR GENERAL DEL INSTITUTO NACIONAL DE ANTROPOLOGIA E HISTORIA," 2025, perdón, 2025.",0.0,3,23,12,2024
PRESIDENTA CLAUDIA SHEINBAUM PARDO," Si quieres, muy rápido, cada mujer.",0.0,6,23,12,2024
DIRECTOR GENERAL DEL INSTITUTO NACIONAL DE ANTROPOLOGIA E HISTORIA, La Dirección de Comunicación ha hecho una selección también con la participación y asesoría del INAH para que se presenten algunas figuras emblemáticas de la historia de nuestros pueblos indígenas.,0.0,30,23,12,2024
DIRECTOR GENERAL DEL INSTITUTO NACIONAL DE ANTROPOLOGIA E HISTORIA,Vamos a presentarlas.,0.0,3,23,12,2024
DIRECTOR GENERAL DEL INSTITUTO NACIONAL DE ANTROPOLOGIA E HISTORIA,Se escogieron cuatro mujeres que van a aparecer en el emblema correspondiente al año 2025:,0.0,15,23,12,2024
DIRECTOR GENERAL DEL INSTITUTO NACIONAL DE ANTROPOLOGIA E HISTORIA,"Una mujer mexica, en este caso Tecuichpo.",0.0,7,23,12,2024
DIRECTOR GENERAL DEL INSTITUTO NACIONAL DE ANTROPOLOGIA E HISTORIA,"Una mujer maya, en este caso hablamos de Tz'ak-b'u Aha, también conocida como “la Reina Roja”.",0.0,16,23,12,2024
DIRECTOR GENERAL DEL INSTITUTO NACIONAL DE ANTROPOLOGIA E HISTORIA,"Una mujer mixteca, en este caso estamos hablando de la Señora 6 Mono (señora mixteca de Huachino).",0.0,17,23,12,2024
DIRECTOR GENERAL DEL INSTITUTO NACIONAL DE ANTROPOLOGIA E HISTORIA,"Y la que sigue. Una mujer tolteca, estamos hablando de Xiuhtzatzin (flor de la tierrita tolteca).",0.0,16,23,12,2024
DIRECTOR GENERAL DEL INSTITUTO NACIONAL DE ANTROPOLOGIA E HISTORIA,"Vienen algunas explicaciones sobre estas figuras, la presentamos.",0.0,8,23,12,2024
PRESIDENTA CLAUDIA SHEINBAUM PARDO," —Si quieres lo dejamos, porque ya es tarde—.",0.0,8,23,12,2024
DIRECTOR GENERAL DEL INSTITUTO NACIONAL DE ANTROPOLOGIA E HISTORIA," Lo dejamos así y ya en la próxima explicamos las particularidades de cómo fue que se hizo esta selección, esta curaduría, por decirlo así; obviamente, dejando claro que nunca vamos a poder expresar la inmensidad y la diversidad de nuestros pueblos indígenas, de nuestros pueblos originarios, se trata simplemente de dar ejemplos.",0.0,52,23,12,2024
DIRECTOR GENERAL DEL INSTITUTO NACIONAL DE ANTROPOLOGIA E HISTORIA,Sería todo.,0.0,2,23,12,2024
PRESIDENTA CLAUDIA SHEINBAUM PARDO," —Quería que fuéramos allá afuera, pero hace mucho frío—.",0.0,9,23,12,2024
PRESIDENTA CLAUDIA SHEINBAUM PARDO,—000—,0.0,1,23,12,2024
